-0.040000 0.000000 0.160000 1.000000
-0.040000 0.001702 0.160000 1.000000
-0.040000 0.003404 0.160000 1.000000
-0.040000 0.005106 0.160000 1.000000
-0.040000 0.006809 0.160000 1.000000
-0.040000 0.008511 0.160000 1.000000
-0.040000 0.010213 0.160000 1.000000
-0.040000 0.011915 0.160000 1.000000
-0.040000 0.013617 0.160000 1.000000
-0.040000 0.015319 0.160000 1.000000
-0.040000 0.017021 0.160000 1.000000
-0.040000 0.018723 0.160000 1.000000
-0.040000 0.020426 0.160000 0.000000
-0.040000 0.022128 0.160000 0.000000
-0.040000 0.023830 0.160000 0.000000
-0.040000 0.025532 0.160000 0.000000
-0.040000 0.027234 0.160000 0.000000
-0.040000 0.028936 0.160000 0.000000
-0.040000 0.030638 0.160000 0.000000
-0.040000 0.032340 0.160000 0.000000
-0.040000 0.034043 0.160000 0.000000
-0.040000 0.035745 0.160000 0.000000
-0.040000 0.037447 0.160000 0.000000
-0.040000 0.039149 0.160000 0.000000
-0.040000 0.040851 0.160000 1.000000
-0.040000 0.042553 0.160000 1.000000
-0.040000 0.044255 0.160000 1.000000
-0.040000 0.045957 0.160000 1.000000
-0.040000 0.047660 0.160000 1.000000
-0.040000 0.049362 0.160000 1.000000
-0.040000 0.051064 0.160000 1.000000
-0.040000 0.052766 0.160000 1.000000
-0.040000 0.054468 0.160000 1.000000
-0.040000 0.056170 0.160000 1.000000
-0.040000 0.057872 0.160000 1.000000
-0.040000 0.059574 0.160000 1.000000
-0.040000 0.061277 0.160000 0.000000
-0.040000 0.062979 0.160000 0.000000
-0.040000 0.064681 0.160000 0.000000
-0.040000 0.066383 0.160000 0.000000
-0.040000 0.068085 0.160000 0.000000
-0.040000 0.069787 0.160000 0.000000
-0.040000 0.071489 0.160000 0.000000
-0.040000 0.073191 0.160000 0.000000
-0.040000 0.074894 0.160000 0.000000
-0.040000 0.076596 0.160000 0.000000
-0.040000 0.078298 0.160000 0.000000
-0.040000 0.080000 0.160000 1.000000
-0.038298 0.000000 0.160000 1.000000
-0.038298 0.001702 0.160000 1.000000
-0.038298 0.003404 0.160000 1.000000
-0.038298 0.005106 0.160000 1.000000
-0.038298 0.006809 0.160000 1.000000
-0.038298 0.008511 0.160000 1.000000
-0.038298 0.010213 0.160000 1.000000
-0.038298 0.011915 0.160000 1.000000
-0.038298 0.013617 0.160000 1.000000
-0.038298 0.015319 0.160000 1.000000
-0.038298 0.017021 0.160000 1.000000
-0.038298 0.018723 0.160000 1.000000
-0.038298 0.020426 0.160000 0.000000
-0.038298 0.022128 0.160000 0.000000
-0.038298 0.023830 0.160000 0.000000
-0.038298 0.025532 0.160000 0.000000
-0.038298 0.027234 0.160000 0.000000
-0.038298 0.028936 0.160000 0.000000
-0.038298 0.030638 0.160000 0.000000
-0.038298 0.032340 0.160000 0.000000
-0.038298 0.034043 0.160000 0.000000
-0.038298 0.035745 0.160000 0.000000
-0.038298 0.037447 0.160000 0.000000
-0.038298 0.039149 0.160000 0.000000
-0.038298 0.040851 0.160000 1.000000
-0.038298 0.042553 0.160000 1.000000
-0.038298 0.044255 0.160000 1.000000
-0.038298 0.045957 0.160000 1.000000
-0.038298 0.047660 0.160000 1.000000
-0.038298 0.049362 0.160000 1.000000
-0.038298 0.051064 0.160000 1.000000
-0.038298 0.052766 0.160000 1.000000
-0.038298 0.054468 0.160000 1.000000
-0.038298 0.056170 0.160000 1.000000
-0.038298 0.057872 0.160000 1.000000
-0.038298 0.059574 0.160000 1.000000
-0.038298 0.061277 0.160000 0.000000
-0.038298 0.062979 0.160000 0.000000
-0.038298 0.064681 0.160000 0.000000
-0.038298 0.066383 0.160000 0.000000
-0.038298 0.068085 0.160000 0.000000
-0.038298 0.069787 0.160000 0.000000
-0.038298 0.071489 0.160000 0.000000
-0.038298 0.073191 0.160000 0.000000
-0.038298 0.074894 0.160000 0.000000
-0.038298 0.076596 0.160000 0.000000
-0.038298 0.078298 0.160000 0.000000
-0.038298 0.080000 0.160000 1.000000
-0.036596 0.000000 0.160000 1.000000
-0.036596 0.001702 0.160000 1.000000
-0.036596 0.003404 0.160000 1.000000
-0.036596 0.005106 0.160000 1.000000
-0.036596 0.006809 0.160000 1.000000
-0.036596 0.008511 0.160000 1.000000
-0.036596 0.010213 0.160000 1.000000
-0.036596 0.011915 0.160000 1.000000
-0.036596 0.013617 0.160000 1.000000
-0.036596 0.015319 0.160000 1.000000
-0.036596 0.017021 0.160000 1.000000
-0.036596 0.018723 0.160000 1.000000
-0.036596 0.020426 0.160000 0.000000
-0.036596 0.022128 0.160000 0.000000
-0.036596 0.023830 0.160000 0.000000
-0.036596 0.025532 0.160000 0.000000
-0.036596 0.027234 0.160000 0.000000
-0.036596 0.028936 0.160000 0.000000
-0.036596 0.030638 0.160000 0.000000
-0.036596 0.032340 0.160000 0.000000
-0.036596 0.034043 0.160000 0.000000
-0.036596 0.035745 0.160000 0.000000
-0.036596 0.037447 0.160000 0.000000
-0.036596 0.039149 0.160000 0.000000
-0.036596 0.040851 0.160000 1.000000
-0.036596 0.042553 0.160000 1.000000
-0.036596 0.044255 0.160000 1.000000
-0.036596 0.045957 0.160000 1.000000
-0.036596 0.047660 0.160000 1.000000
-0.036596 0.049362 0.160000 1.000000
-0.036596 0.051064 0.160000 1.000000
-0.036596 0.052766 0.160000 1.000000
-0.036596 0.054468 0.160000 1.000000
-0.036596 0.056170 0.160000 1.000000
-0.036596 0.057872 0.160000 1.000000
-0.036596 0.059574 0.160000 1.000000
-0.036596 0.061277 0.160000 0.000000
-0.036596 0.062979 0.160000 0.000000
-0.036596 0.064681 0.160000 0.000000
-0.036596 0.066383 0.160000 0.000000
-0.036596 0.068085 0.160000 0.000000
-0.036596 0.069787 0.160000 0.000000
-0.036596 0.071489 0.160000 0.000000
-0.036596 0.073191 0.160000 0.000000
-0.036596 0.074894 0.160000 0.000000
-0.036596 0.076596 0.160000 0.000000
-0.036596 0.078298 0.160000 0.000000
-0.036596 0.080000 0.160000 1.000000
-0.034894 0.000000 0.160000 1.000000
-0.034894 0.001702 0.160000 1.000000
-0.034894 0.003404 0.160000 1.000000
-0.034894 0.005106 0.160000 1.000000
-0.034894 0.006809 0.160000 1.000000
-0.034894 0.008511 0.160000 1.000000
-0.034894 0.010213 0.160000 1.000000
-0.034894 0.011915 0.160000 1.000000
-0.034894 0.013617 0.160000 1.000000
-0.034894 0.015319 0.160000 1.000000
-0.034894 0.017021 0.160000 1.000000
-0.034894 0.018723 0.160000 1.000000
-0.034894 0.020426 0.160000 0.000000
-0.034894 0.022128 0.160000 0.000000
-0.034894 0.023830 0.160000 0.000000
-0.034894 0.025532 0.160000 0.000000
-0.034894 0.027234 0.160000 0.000000
-0.034894 0.028936 0.160000 0.000000
-0.034894 0.030638 0.160000 0.000000
-0.034894 0.032340 0.160000 0.000000
-0.034894 0.034043 0.160000 0.000000
-0.034894 0.035745 0.160000 0.000000
-0.034894 0.037447 0.160000 0.000000
-0.034894 0.039149 0.160000 0.000000
-0.034894 0.040851 0.160000 1.000000
-0.034894 0.042553 0.160000 1.000000
-0.034894 0.044255 0.160000 1.000000
-0.034894 0.045957 0.160000 1.000000
-0.034894 0.047660 0.160000 1.000000
-0.034894 0.049362 0.160000 1.000000
-0.034894 0.051064 0.160000 1.000000
-0.034894 0.052766 0.160000 1.000000
-0.034894 0.054468 0.160000 1.000000
-0.034894 0.056170 0.160000 1.000000
-0.034894 0.057872 0.160000 1.000000
-0.034894 0.059574 0.160000 1.000000
-0.034894 0.061277 0.160000 0.000000
-0.034894 0.062979 0.160000 0.000000
-0.034894 0.064681 0.160000 0.000000
-0.034894 0.066383 0.160000 0.000000
-0.034894 0.068085 0.160000 0.000000
-0.034894 0.069787 0.160000 0.000000
-0.034894 0.071489 0.160000 0.000000
-0.034894 0.073191 0.160000 0.000000
-0.034894 0.074894 0.160000 0.000000
-0.034894 0.076596 0.160000 0.000000
-0.034894 0.078298 0.160000 0.000000
-0.034894 0.080000 0.160000 1.000000
-0.033191 0.000000 0.160000 1.000000
-0.033191 0.001702 0.160000 1.000000
-0.033191 0.003404 0.160000 1.000000
-0.033191 0.005106 0.160000 1.000000
-0.033191 0.006809 0.160000 1.000000
-0.033191 0.008511 0.160000 1.000000
-0.033191 0.010213 0.160000 1.000000
-0.033191 0.011915 0.160000 1.000000
-0.033191 0.013617 0.160000 1.000000
-0.033191 0.015319 0.160000 1.000000
-0.033191 0.017021 0.160000 1.000000
-0.033191 0.018723 0.160000 1.000000
-0.033191 0.020426 0.160000 0.000000
-0.033191 0.022128 0.160000 0.000000
-0.033191 0.023830 0.160000 0.000000
-0.033191 0.025532 0.160000 0.000000
-0.033191 0.027234 0.160000 0.000000
-0.033191 0.028936 0.160000 0.000000
-0.033191 0.030638 0.160000 0.000000
-0.033191 0.032340 0.160000 0.000000
-0.033191 0.034043 0.160000 0.000000
-0.033191 0.035745 0.160000 0.000000
-0.033191 0.037447 0.160000 0.000000
-0.033191 0.039149 0.160000 0.000000
-0.033191 0.040851 0.160000 1.000000
-0.033191 0.042553 0.160000 1.000000
-0.033191 0.044255 0.160000 1.000000
-0.033191 0.045957 0.160000 1.000000
-0.033191 0.047660 0.160000 1.000000
-0.033191 0.049362 0.160000 1.000000
-0.033191 0.051064 0.160000 1.000000
-0.033191 0.052766 0.160000 1.000000
-0.033191 0.054468 0.160000 1.000000
-0.033191 0.056170 0.160000 1.000000
-0.033191 0.057872 0.160000 1.000000
-0.033191 0.059574 0.160000 1.000000
-0.033191 0.061277 0.160000 0.000000
-0.033191 0.062979 0.160000 0.000000
-0.033191 0.064681 0.160000 0.000000
-0.033191 0.066383 0.160000 0.000000
-0.033191 0.068085 0.160000 0.000000
-0.033191 0.069787 0.160000 0.000000
-0.033191 0.071489 0.160000 0.000000
-0.033191 0.073191 0.160000 0.000000
-0.033191 0.074894 0.160000 0.000000
-0.033191 0.076596 0.160000 0.000000
-0.033191 0.078298 0.160000 0.000000
-0.033191 0.080000 0.160000 1.000000
-0.031489 0.000000 0.160000 1.000000
-0.031489 0.001702 0.160000 1.000000
-0.031489 0.003404 0.160000 1.000000
-0.031489 0.005106 0.160000 1.000000
-0.031489 0.006809 0.160000 1.000000
-0.031489 0.008511 0.160000 1.000000
-0.031489 0.010213 0.160000 1.000000
-0.031489 0.011915 0.160000 1.000000
-0.031489 0.013617 0.160000 1.000000
-0.031489 0.015319 0.160000 1.000000
-0.031489 0.017021 0.160000 1.000000
-0.031489 0.018723 0.160000 1.000000
-0.031489 0.020426 0.160000 0.000000
-0.031489 0.022128 0.160000 0.000000
-0.031489 0.023830 0.160000 0.000000
-0.031489 0.025532 0.160000 0.000000
-0.031489 0.027234 0.160000 0.000000
-0.031489 0.028936 0.160000 0.000000
-0.031489 0.030638 0.160000 0.000000
-0.031489 0.032340 0.160000 0.000000
-0.031489 0.034043 0.160000 0.000000
-0.031489 0.035745 0.160000 0.000000
-0.031489 0.037447 0.160000 0.000000
-0.031489 0.039149 0.160000 0.000000
-0.031489 0.040851 0.160000 1.000000
-0.031489 0.042553 0.160000 1.000000
-0.031489 0.044255 0.160000 1.000000
-0.031489 0.045957 0.160000 1.000000
-0.031489 0.047660 0.160000 1.000000
-0.031489 0.049362 0.160000 1.000000
-0.031489 0.051064 0.160000 1.000000
-0.031489 0.052766 0.160000 1.000000
-0.031489 0.054468 0.160000 1.000000
-0.031489 0.056170 0.160000 1.000000
-0.031489 0.057872 0.160000 1.000000
-0.031489 0.059574 0.160000 1.000000
-0.031489 0.061277 0.160000 0.000000
-0.031489 0.062979 0.160000 0.000000
-0.031489 0.064681 0.160000 0.000000
-0.031489 0.066383 0.160000 0.000000
-0.031489 0.068085 0.160000 0.000000
-0.031489 0.069787 0.160000 0.000000
-0.031489 0.071489 0.160000 0.000000
-0.031489 0.073191 0.160000 0.000000
-0.031489 0.074894 0.160000 0.000000
-0.031489 0.076596 0.160000 0.000000
-0.031489 0.078298 0.160000 0.000000
-0.031489 0.080000 0.160000 1.000000
-0.029787 0.000000 0.160000 1.000000
-0.029787 0.001702 0.160000 1.000000
-0.029787 0.003404 0.160000 1.000000
-0.029787 0.005106 0.160000 1.000000
-0.029787 0.006809 0.160000 1.000000
-0.029787 0.008511 0.160000 1.000000
-0.029787 0.010213 0.160000 1.000000
-0.029787 0.011915 0.160000 1.000000
-0.029787 0.013617 0.160000 1.000000
-0.029787 0.015319 0.160000 1.000000
-0.029787 0.017021 0.160000 1.000000
-0.029787 0.018723 0.160000 1.000000
-0.029787 0.020426 0.160000 0.000000
-0.029787 0.022128 0.160000 0.000000
-0.029787 0.023830 0.160000 0.000000
-0.029787 0.025532 0.160000 0.000000
-0.029787 0.027234 0.160000 0.000000
-0.029787 0.028936 0.160000 0.000000
-0.029787 0.030638 0.160000 0.000000
-0.029787 0.032340 0.160000 0.000000
-0.029787 0.034043 0.160000 0.000000
-0.029787 0.035745 0.160000 0.000000
-0.029787 0.037447 0.160000 0.000000
-0.029787 0.039149 0.160000 0.000000
-0.029787 0.040851 0.160000 1.000000
-0.029787 0.042553 0.160000 1.000000
-0.029787 0.044255 0.160000 1.000000
-0.029787 0.045957 0.160000 1.000000
-0.029787 0.047660 0.160000 1.000000
-0.029787 0.049362 0.160000 1.000000
-0.029787 0.051064 0.160000 1.000000
-0.029787 0.052766 0.160000 1.000000
-0.029787 0.054468 0.160000 1.000000
-0.029787 0.056170 0.160000 1.000000
-0.029787 0.057872 0.160000 1.000000
-0.029787 0.059574 0.160000 1.000000
-0.029787 0.061277 0.160000 0.000000
-0.029787 0.062979 0.160000 0.000000
-0.029787 0.064681 0.160000 0.000000
-0.029787 0.066383 0.160000 0.000000
-0.029787 0.068085 0.160000 0.000000
-0.029787 0.069787 0.160000 0.000000
-0.029787 0.071489 0.160000 0.000000
-0.029787 0.073191 0.160000 0.000000
-0.029787 0.074894 0.160000 0.000000
-0.029787 0.076596 0.160000 0.000000
-0.029787 0.078298 0.160000 0.000000
-0.029787 0.080000 0.160000 1.000000
-0.028085 0.000000 0.160000 1.000000
-0.028085 0.001702 0.160000 1.000000
-0.028085 0.003404 0.160000 1.000000
-0.028085 0.005106 0.160000 1.000000
-0.028085 0.006809 0.160000 1.000000
-0.028085 0.008511 0.160000 1.000000
-0.028085 0.010213 0.160000 1.000000
-0.028085 0.011915 0.160000 1.000000
-0.028085 0.013617 0.160000 1.000000
-0.028085 0.015319 0.160000 1.000000
-0.028085 0.017021 0.160000 1.000000
-0.028085 0.018723 0.160000 1.000000
-0.028085 0.020426 0.160000 0.000000
-0.028085 0.022128 0.160000 0.000000
-0.028085 0.023830 0.160000 0.000000
-0.028085 0.025532 0.160000 0.000000
-0.028085 0.027234 0.160000 0.000000
-0.028085 0.028936 0.160000 0.000000
-0.028085 0.030638 0.160000 0.000000
-0.028085 0.032340 0.160000 0.000000
-0.028085 0.034043 0.160000 0.000000
-0.028085 0.035745 0.160000 0.000000
-0.028085 0.037447 0.160000 0.000000
-0.028085 0.039149 0.160000 0.000000
-0.028085 0.040851 0.160000 1.000000
-0.028085 0.042553 0.160000 1.000000
-0.028085 0.044255 0.160000 1.000000
-0.028085 0.045957 0.160000 1.000000
-0.028085 0.047660 0.160000 1.000000
-0.028085 0.049362 0.160000 1.000000
-0.028085 0.051064 0.160000 1.000000
-0.028085 0.052766 0.160000 1.000000
-0.028085 0.054468 0.160000 1.000000
-0.028085 0.056170 0.160000 1.000000
-0.028085 0.057872 0.160000 1.000000
-0.028085 0.059574 0.160000 1.000000
-0.028085 0.061277 0.160000 0.000000
-0.028085 0.062979 0.160000 0.000000
-0.028085 0.064681 0.160000 0.000000
-0.028085 0.066383 0.160000 0.000000
-0.028085 0.068085 0.160000 0.000000
-0.028085 0.069787 0.160000 0.000000
-0.028085 0.071489 0.160000 0.000000
-0.028085 0.073191 0.160000 0.000000
-0.028085 0.074894 0.160000 0.000000
-0.028085 0.076596 0.160000 0.000000
-0.028085 0.078298 0.160000 0.000000
-0.028085 0.080000 0.160000 1.000000
-0.026383 0.000000 0.160000 1.000000
-0.026383 0.001702 0.160000 1.000000
-0.026383 0.003404 0.160000 1.000000
-0.026383 0.005106 0.160000 1.000000
-0.026383 0.006809 0.160000 1.000000
-0.026383 0.008511 0.160000 1.000000
-0.026383 0.010213 0.160000 1.000000
-0.026383 0.011915 0.160000 1.000000
-0.026383 0.013617 0.160000 1.000000
-0.026383 0.015319 0.160000 1.000000
-0.026383 0.017021 0.160000 1.000000
-0.026383 0.018723 0.160000 1.000000
-0.026383 0.020426 0.160000 0.000000
-0.026383 0.022128 0.160000 0.000000
-0.026383 0.023830 0.160000 0.000000
-0.026383 0.025532 0.160000 0.000000
-0.026383 0.027234 0.160000 0.000000
-0.026383 0.028936 0.160000 0.000000
-0.026383 0.030638 0.160000 0.000000
-0.026383 0.032340 0.160000 0.000000
-0.026383 0.034043 0.160000 0.000000
-0.026383 0.035745 0.160000 0.000000
-0.026383 0.037447 0.160000 0.000000
-0.026383 0.039149 0.160000 0.000000
-0.026383 0.040851 0.160000 1.000000
-0.026383 0.042553 0.160000 1.000000
-0.026383 0.044255 0.160000 1.000000
-0.026383 0.045957 0.160000 1.000000
-0.026383 0.047660 0.160000 1.000000
-0.026383 0.049362 0.160000 1.000000
-0.026383 0.051064 0.160000 1.000000
-0.026383 0.052766 0.160000 1.000000
-0.026383 0.054468 0.160000 1.000000
-0.026383 0.056170 0.160000 1.000000
-0.026383 0.057872 0.160000 1.000000
-0.026383 0.059574 0.160000 1.000000
-0.026383 0.061277 0.160000 0.000000
-0.026383 0.062979 0.160000 0.000000
-0.026383 0.064681 0.160000 0.000000
-0.026383 0.066383 0.160000 0.000000
-0.026383 0.068085 0.160000 0.000000
-0.026383 0.069787 0.160000 0.000000
-0.026383 0.071489 0.160000 0.000000
-0.026383 0.073191 0.160000 0.000000
-0.026383 0.074894 0.160000 0.000000
-0.026383 0.076596 0.160000 0.000000
-0.026383 0.078298 0.160000 0.000000
-0.026383 0.080000 0.160000 1.000000
-0.024681 0.000000 0.160000 1.000000
-0.024681 0.001702 0.160000 1.000000
-0.024681 0.003404 0.160000 1.000000
-0.024681 0.005106 0.160000 1.000000
-0.024681 0.006809 0.160000 1.000000
-0.024681 0.008511 0.160000 1.000000
-0.024681 0.010213 0.160000 1.000000
-0.024681 0.011915 0.160000 1.000000
-0.024681 0.013617 0.160000 1.000000
-0.024681 0.015319 0.160000 1.000000
-0.024681 0.017021 0.160000 1.000000
-0.024681 0.018723 0.160000 1.000000
-0.024681 0.020426 0.160000 0.000000
-0.024681 0.022128 0.160000 0.000000
-0.024681 0.023830 0.160000 0.000000
-0.024681 0.025532 0.160000 0.000000
-0.024681 0.027234 0.160000 0.000000
-0.024681 0.028936 0.160000 0.000000
-0.024681 0.030638 0.160000 0.000000
-0.024681 0.032340 0.160000 0.000000
-0.024681 0.034043 0.160000 0.000000
-0.024681 0.035745 0.160000 0.000000
-0.024681 0.037447 0.160000 0.000000
-0.024681 0.039149 0.160000 0.000000
-0.024681 0.040851 0.160000 1.000000
-0.024681 0.042553 0.160000 1.000000
-0.024681 0.044255 0.160000 1.000000
-0.024681 0.045957 0.160000 1.000000
-0.024681 0.047660 0.160000 1.000000
-0.024681 0.049362 0.160000 1.000000
-0.024681 0.051064 0.160000 1.000000
-0.024681 0.052766 0.160000 1.000000
-0.024681 0.054468 0.160000 1.000000
-0.024681 0.056170 0.160000 1.000000
-0.024681 0.057872 0.160000 1.000000
-0.024681 0.059574 0.160000 1.000000
-0.024681 0.061277 0.160000 0.000000
-0.024681 0.062979 0.160000 0.000000
-0.024681 0.064681 0.160000 0.000000
-0.024681 0.066383 0.160000 0.000000
-0.024681 0.068085 0.160000 0.000000
-0.024681 0.069787 0.160000 0.000000
-0.024681 0.071489 0.160000 0.000000
-0.024681 0.073191 0.160000 0.000000
-0.024681 0.074894 0.160000 0.000000
-0.024681 0.076596 0.160000 0.000000
-0.024681 0.078298 0.160000 0.000000
-0.024681 0.080000 0.160000 1.000000
-0.022979 0.000000 0.160000 1.000000
-0.022979 0.001702 0.160000 1.000000
-0.022979 0.003404 0.160000 1.000000
-0.022979 0.005106 0.160000 1.000000
-0.022979 0.006809 0.160000 1.000000
-0.022979 0.008511 0.160000 1.000000
-0.022979 0.010213 0.160000 1.000000
-0.022979 0.011915 0.160000 1.000000
-0.022979 0.013617 0.160000 1.000000
-0.022979 0.015319 0.160000 1.000000
-0.022979 0.017021 0.160000 1.000000
-0.022979 0.018723 0.160000 1.000000
-0.022979 0.020426 0.160000 0.000000
-0.022979 0.022128 0.160000 0.000000
-0.022979 0.023830 0.160000 0.000000
-0.022979 0.025532 0.160000 0.000000
-0.022979 0.027234 0.160000 0.000000
-0.022979 0.028936 0.160000 0.000000
-0.022979 0.030638 0.160000 0.000000
-0.022979 0.032340 0.160000 0.000000
-0.022979 0.034043 0.160000 0.000000
-0.022979 0.035745 0.160000 0.000000
-0.022979 0.037447 0.160000 0.000000
-0.022979 0.039149 0.160000 0.000000
-0.022979 0.040851 0.160000 1.000000
-0.022979 0.042553 0.160000 1.000000
-0.022979 0.044255 0.160000 1.000000
-0.022979 0.045957 0.160000 1.000000
-0.022979 0.047660 0.160000 1.000000
-0.022979 0.049362 0.160000 1.000000
-0.022979 0.051064 0.160000 1.000000
-0.022979 0.052766 0.160000 1.000000
-0.022979 0.054468 0.160000 1.000000
-0.022979 0.056170 0.160000 1.000000
-0.022979 0.057872 0.160000 1.000000
-0.022979 0.059574 0.160000 1.000000
-0.022979 0.061277 0.160000 0.000000
-0.022979 0.062979 0.160000 0.000000
-0.022979 0.064681 0.160000 0.000000
-0.022979 0.066383 0.160000 0.000000
-0.022979 0.068085 0.160000 0.000000
-0.022979 0.069787 0.160000 0.000000
-0.022979 0.071489 0.160000 0.000000
-0.022979 0.073191 0.160000 0.000000
-0.022979 0.074894 0.160000 0.000000
-0.022979 0.076596 0.160000 0.000000
-0.022979 0.078298 0.160000 0.000000
-0.022979 0.080000 0.160000 1.000000
-0.021277 0.000000 0.160000 1.000000
-0.021277 0.001702 0.160000 1.000000
-0.021277 0.003404 0.160000 1.000000
-0.021277 0.005106 0.160000 1.000000
-0.021277 0.006809 0.160000 1.000000
-0.021277 0.008511 0.160000 1.000000
-0.021277 0.010213 0.160000 1.000000
-0.021277 0.011915 0.160000 1.000000
-0.021277 0.013617 0.160000 1.000000
-0.021277 0.015319 0.160000 1.000000
-0.021277 0.017021 0.160000 1.000000
-0.021277 0.018723 0.160000 1.000000
-0.021277 0.020426 0.160000 0.000000
-0.021277 0.022128 0.160000 0.000000
-0.021277 0.023830 0.160000 0.000000
-0.021277 0.025532 0.160000 0.000000
-0.021277 0.027234 0.160000 0.000000
-0.021277 0.028936 0.160000 0.000000
-0.021277 0.030638 0.160000 0.000000
-0.021277 0.032340 0.160000 0.000000
-0.021277 0.034043 0.160000 0.000000
-0.021277 0.035745 0.160000 0.000000
-0.021277 0.037447 0.160000 0.000000
-0.021277 0.039149 0.160000 0.000000
-0.021277 0.040851 0.160000 1.000000
-0.021277 0.042553 0.160000 1.000000
-0.021277 0.044255 0.160000 1.000000
-0.021277 0.045957 0.160000 1.000000
-0.021277 0.047660 0.160000 1.000000
-0.021277 0.049362 0.160000 1.000000
-0.021277 0.051064 0.160000 1.000000
-0.021277 0.052766 0.160000 1.000000
-0.021277 0.054468 0.160000 1.000000
-0.021277 0.056170 0.160000 1.000000
-0.021277 0.057872 0.160000 1.000000
-0.021277 0.059574 0.160000 1.000000
-0.021277 0.061277 0.160000 0.000000
-0.021277 0.062979 0.160000 0.000000
-0.021277 0.064681 0.160000 0.000000
-0.021277 0.066383 0.160000 0.000000
-0.021277 0.068085 0.160000 0.000000
-0.021277 0.069787 0.160000 0.000000
-0.021277 0.071489 0.160000 0.000000
-0.021277 0.073191 0.160000 0.000000
-0.021277 0.074894 0.160000 0.000000
-0.021277 0.076596 0.160000 0.000000
-0.021277 0.078298 0.160000 0.000000
-0.021277 0.080000 0.160000 1.000000
-0.019574 0.000000 0.160000 0.000000
-0.019574 0.001702 0.160000 0.000000
-0.019574 0.003404 0.160000 0.000000
-0.019574 0.005106 0.160000 0.000000
-0.019574 0.006809 0.160000 0.000000
-0.019574 0.008511 0.160000 0.000000
-0.019574 0.010213 0.160000 0.000000
-0.019574 0.011915 0.160000 0.000000
-0.019574 0.013617 0.160000 0.000000
-0.019574 0.015319 0.160000 0.000000
-0.019574 0.017021 0.160000 0.000000
-0.019574 0.018723 0.160000 0.000000
-0.019574 0.020426 0.160000 1.000000
-0.019574 0.022128 0.160000 1.000000
-0.019574 0.023830 0.160000 1.000000
-0.019574 0.025532 0.160000 1.000000
-0.019574 0.027234 0.160000 1.000000
-0.019574 0.028936 0.160000 1.000000
-0.019574 0.030638 0.160000 1.000000
-0.019574 0.032340 0.160000 1.000000
-0.019574 0.034043 0.160000 1.000000
-0.019574 0.035745 0.160000 1.000000
-0.019574 0.037447 0.160000 1.000000
-0.019574 0.039149 0.160000 1.000000
-0.019574 0.040851 0.160000 0.000000
-0.019574 0.042553 0.160000 0.000000
-0.019574 0.044255 0.160000 0.000000
-0.019574 0.045957 0.160000 0.000000
-0.019574 0.047660 0.160000 0.000000
-0.019574 0.049362 0.160000 0.000000
-0.019574 0.051064 0.160000 0.000000
-0.019574 0.052766 0.160000 0.000000
-0.019574 0.054468 0.160000 0.000000
-0.019574 0.056170 0.160000 0.000000
-0.019574 0.057872 0.160000 0.000000
-0.019574 0.059574 0.160000 0.000000
-0.019574 0.061277 0.160000 1.000000
-0.019574 0.062979 0.160000 1.000000
-0.019574 0.064681 0.160000 1.000000
-0.019574 0.066383 0.160000 1.000000
-0.019574 0.068085 0.160000 1.000000
-0.019574 0.069787 0.160000 1.000000
-0.019574 0.071489 0.160000 1.000000
-0.019574 0.073191 0.160000 1.000000
-0.019574 0.074894 0.160000 1.000000
-0.019574 0.076596 0.160000 1.000000
-0.019574 0.078298 0.160000 1.000000
-0.019574 0.080000 0.160000 0.000000
-0.017872 0.000000 0.160000 0.000000
-0.017872 0.001702 0.160000 0.000000
-0.017872 0.003404 0.160000 0.000000
-0.017872 0.005106 0.160000 0.000000
-0.017872 0.006809 0.160000 0.000000
-0.017872 0.008511 0.160000 0.000000
-0.017872 0.010213 0.160000 0.000000
-0.017872 0.011915 0.160000 0.000000
-0.017872 0.013617 0.160000 0.000000
-0.017872 0.015319 0.160000 0.000000
-0.017872 0.017021 0.160000 0.000000
-0.017872 0.018723 0.160000 0.000000
-0.017872 0.020426 0.160000 1.000000
-0.017872 0.022128 0.160000 1.000000
-0.017872 0.023830 0.160000 1.000000
-0.017872 0.025532 0.160000 1.000000
-0.017872 0.027234 0.160000 1.000000
-0.017872 0.028936 0.160000 1.000000
-0.017872 0.030638 0.160000 1.000000
-0.017872 0.032340 0.160000 1.000000
-0.017872 0.034043 0.160000 1.000000
-0.017872 0.035745 0.160000 1.000000
-0.017872 0.037447 0.160000 1.000000
-0.017872 0.039149 0.160000 1.000000
-0.017872 0.040851 0.160000 0.000000
-0.017872 0.042553 0.160000 0.000000
-0.017872 0.044255 0.160000 0.000000
-0.017872 0.045957 0.160000 0.000000
-0.017872 0.047660 0.160000 0.000000
-0.017872 0.049362 0.160000 0.000000
-0.017872 0.051064 0.160000 0.000000
-0.017872 0.052766 0.160000 0.000000
-0.017872 0.054468 0.160000 0.000000
-0.017872 0.056170 0.160000 0.000000
-0.017872 0.057872 0.160000 0.000000
-0.017872 0.059574 0.160000 0.000000
-0.017872 0.061277 0.160000 1.000000
-0.017872 0.062979 0.160000 1.000000
-0.017872 0.064681 0.160000 1.000000
-0.017872 0.066383 0.160000 1.000000
-0.017872 0.068085 0.160000 1.000000
-0.017872 0.069787 0.160000 1.000000
-0.017872 0.071489 0.160000 1.000000
-0.017872 0.073191 0.160000 1.000000
-0.017872 0.074894 0.160000 1.000000
-0.017872 0.076596 0.160000 1.000000
-0.017872 0.078298 0.160000 1.000000
-0.017872 0.080000 0.160000 0.000000
-0.016170 0.000000 0.160000 0.000000
-0.016170 0.001702 0.160000 0.000000
-0.016170 0.003404 0.160000 0.000000
-0.016170 0.005106 0.160000 0.000000
-0.016170 0.006809 0.160000 0.000000
-0.016170 0.008511 0.160000 0.000000
-0.016170 0.010213 0.160000 0.000000
-0.016170 0.011915 0.160000 0.000000
-0.016170 0.013617 0.160000 0.000000
-0.016170 0.015319 0.160000 0.000000
-0.016170 0.017021 0.160000 0.000000
-0.016170 0.018723 0.160000 0.000000
-0.016170 0.020426 0.160000 1.000000
-0.016170 0.022128 0.160000 1.000000
-0.016170 0.023830 0.160000 1.000000
-0.016170 0.025532 0.160000 1.000000
-0.016170 0.027234 0.160000 1.000000
-0.016170 0.028936 0.160000 1.000000
-0.016170 0.030638 0.160000 1.000000
-0.016170 0.032340 0.160000 1.000000
-0.016170 0.034043 0.160000 1.000000
-0.016170 0.035745 0.160000 1.000000
-0.016170 0.037447 0.160000 1.000000
-0.016170 0.039149 0.160000 1.000000
-0.016170 0.040851 0.160000 0.000000
-0.016170 0.042553 0.160000 0.000000
-0.016170 0.044255 0.160000 0.000000
-0.016170 0.045957 0.160000 0.000000
-0.016170 0.047660 0.160000 0.000000
-0.016170 0.049362 0.160000 0.000000
-0.016170 0.051064 0.160000 0.000000
-0.016170 0.052766 0.160000 0.000000
-0.016170 0.054468 0.160000 0.000000
-0.016170 0.056170 0.160000 0.000000
-0.016170 0.057872 0.160000 0.000000
-0.016170 0.059574 0.160000 0.000000
-0.016170 0.061277 0.160000 1.000000
-0.016170 0.062979 0.160000 1.000000
-0.016170 0.064681 0.160000 1.000000
-0.016170 0.066383 0.160000 1.000000
-0.016170 0.068085 0.160000 1.000000
-0.016170 0.069787 0.160000 1.000000
-0.016170 0.071489 0.160000 1.000000
-0.016170 0.073191 0.160000 1.000000
-0.016170 0.074894 0.160000 1.000000
-0.016170 0.076596 0.160000 1.000000
-0.016170 0.078298 0.160000 1.000000
-0.016170 0.080000 0.160000 0.000000
-0.014468 0.000000 0.160000 0.000000
-0.014468 0.001702 0.160000 0.000000
-0.014468 0.003404 0.160000 0.000000
-0.014468 0.005106 0.160000 0.000000
-0.014468 0.006809 0.160000 0.000000
-0.014468 0.008511 0.160000 0.000000
-0.014468 0.010213 0.160000 0.000000
-0.014468 0.011915 0.160000 0.000000
-0.014468 0.013617 0.160000 0.000000
-0.014468 0.015319 0.160000 0.000000
-0.014468 0.017021 0.160000 0.000000
-0.014468 0.018723 0.160000 0.000000
-0.014468 0.020426 0.160000 1.000000
-0.014468 0.022128 0.160000 1.000000
-0.014468 0.023830 0.160000 1.000000
-0.014468 0.025532 0.160000 1.000000
-0.014468 0.027234 0.160000 1.000000
-0.014468 0.028936 0.160000 1.000000
-0.014468 0.030638 0.160000 1.000000
-0.014468 0.032340 0.160000 1.000000
-0.014468 0.034043 0.160000 1.000000
-0.014468 0.035745 0.160000 1.000000
-0.014468 0.037447 0.160000 1.000000
-0.014468 0.039149 0.160000 1.000000
-0.014468 0.040851 0.160000 0.000000
-0.014468 0.042553 0.160000 0.000000
-0.014468 0.044255 0.160000 0.000000
-0.014468 0.045957 0.160000 0.000000
-0.014468 0.047660 0.160000 0.000000
-0.014468 0.049362 0.160000 0.000000
-0.014468 0.051064 0.160000 0.000000
-0.014468 0.052766 0.160000 0.000000
-0.014468 0.054468 0.160000 0.000000
-0.014468 0.056170 0.160000 0.000000
-0.014468 0.057872 0.160000 0.000000
-0.014468 0.059574 0.160000 0.000000
-0.014468 0.061277 0.160000 1.000000
-0.014468 0.062979 0.160000 1.000000
-0.014468 0.064681 0.160000 1.000000
-0.014468 0.066383 0.160000 1.000000
-0.014468 0.068085 0.160000 1.000000
-0.014468 0.069787 0.160000 1.000000
-0.014468 0.071489 0.160000 1.000000
-0.014468 0.073191 0.160000 1.000000
-0.014468 0.074894 0.160000 1.000000
-0.014468 0.076596 0.160000 1.000000
-0.014468 0.078298 0.160000 1.000000
-0.014468 0.080000 0.160000 0.000000
-0.012766 0.000000 0.160000 0.000000
-0.012766 0.001702 0.160000 0.000000
-0.012766 0.003404 0.160000 0.000000
-0.012766 0.005106 0.160000 0.000000
-0.012766 0.006809 0.160000 0.000000
-0.012766 0.008511 0.160000 0.000000
-0.012766 0.010213 0.160000 0.000000
-0.012766 0.011915 0.160000 0.000000
-0.012766 0.013617 0.160000 0.000000
-0.012766 0.015319 0.160000 0.000000
-0.012766 0.017021 0.160000 0.000000
-0.012766 0.018723 0.160000 0.000000
-0.012766 0.020426 0.160000 1.000000
-0.012766 0.022128 0.160000 1.000000
-0.012766 0.023830 0.160000 1.000000
-0.012766 0.025532 0.160000 1.000000
-0.012766 0.027234 0.160000 1.000000
-0.012766 0.028936 0.160000 1.000000
-0.012766 0.030638 0.160000 1.000000
-0.012766 0.032340 0.160000 1.000000
-0.012766 0.034043 0.160000 1.000000
-0.012766 0.035745 0.160000 1.000000
-0.012766 0.037447 0.160000 1.000000
-0.012766 0.039149 0.160000 1.000000
-0.012766 0.040851 0.160000 0.000000
-0.012766 0.042553 0.160000 0.000000
-0.012766 0.044255 0.160000 0.000000
-0.012766 0.045957 0.160000 0.000000
-0.012766 0.047660 0.160000 0.000000
-0.012766 0.049362 0.160000 0.000000
-0.012766 0.051064 0.160000 0.000000
-0.012766 0.052766 0.160000 0.000000
-0.012766 0.054468 0.160000 0.000000
-0.012766 0.056170 0.160000 0.000000
-0.012766 0.057872 0.160000 0.000000
-0.012766 0.059574 0.160000 0.000000
-0.012766 0.061277 0.160000 1.000000
-0.012766 0.062979 0.160000 1.000000
-0.012766 0.064681 0.160000 1.000000
-0.012766 0.066383 0.160000 1.000000
-0.012766 0.068085 0.160000 1.000000
-0.012766 0.069787 0.160000 1.000000
-0.012766 0.071489 0.160000 1.000000
-0.012766 0.073191 0.160000 1.000000
-0.012766 0.074894 0.160000 1.000000
-0.012766 0.076596 0.160000 1.000000
-0.012766 0.078298 0.160000 1.000000
-0.012766 0.080000 0.160000 0.000000
-0.011064 0.000000 0.160000 0.000000
-0.011064 0.001702 0.160000 0.000000
-0.011064 0.003404 0.160000 0.000000
-0.011064 0.005106 0.160000 0.000000
-0.011064 0.006809 0.160000 0.000000
-0.011064 0.008511 0.160000 0.000000
-0.011064 0.010213 0.160000 0.000000
-0.011064 0.011915 0.160000 0.000000
-0.011064 0.013617 0.160000 0.000000
-0.011064 0.015319 0.160000 0.000000
-0.011064 0.017021 0.160000 0.000000
-0.011064 0.018723 0.160000 0.000000
-0.011064 0.020426 0.160000 1.000000
-0.011064 0.022128 0.160000 1.000000
-0.011064 0.023830 0.160000 1.000000
-0.011064 0.025532 0.160000 1.000000
-0.011064 0.027234 0.160000 1.000000
-0.011064 0.028936 0.160000 1.000000
-0.011064 0.030638 0.160000 1.000000
-0.011064 0.032340 0.160000 1.000000
-0.011064 0.034043 0.160000 1.000000
-0.011064 0.035745 0.160000 1.000000
-0.011064 0.037447 0.160000 1.000000
-0.011064 0.039149 0.160000 1.000000
-0.011064 0.040851 0.160000 0.000000
-0.011064 0.042553 0.160000 0.000000
-0.011064 0.044255 0.160000 0.000000
-0.011064 0.045957 0.160000 0.000000
-0.011064 0.047660 0.160000 0.000000
-0.011064 0.049362 0.160000 0.000000
-0.011064 0.051064 0.160000 0.000000
-0.011064 0.052766 0.160000 0.000000
-0.011064 0.054468 0.160000 0.000000
-0.011064 0.056170 0.160000 0.000000
-0.011064 0.057872 0.160000 0.000000
-0.011064 0.059574 0.160000 0.000000
-0.011064 0.061277 0.160000 1.000000
-0.011064 0.062979 0.160000 1.000000
-0.011064 0.064681 0.160000 1.000000
-0.011064 0.066383 0.160000 1.000000
-0.011064 0.068085 0.160000 1.000000
-0.011064 0.069787 0.160000 1.000000
-0.011064 0.071489 0.160000 1.000000
-0.011064 0.073191 0.160000 1.000000
-0.011064 0.074894 0.160000 1.000000
-0.011064 0.076596 0.160000 1.000000
-0.011064 0.078298 0.160000 1.000000
-0.011064 0.080000 0.160000 0.000000
-0.009362 0.000000 0.160000 0.000000
-0.009362 0.001702 0.160000 0.000000
-0.009362 0.003404 0.160000 0.000000
-0.009362 0.005106 0.160000 0.000000
-0.009362 0.006809 0.160000 0.000000
-0.009362 0.008511 0.160000 0.000000
-0.009362 0.010213 0.160000 0.000000
-0.009362 0.011915 0.160000 0.000000
-0.009362 0.013617 0.160000 0.000000
-0.009362 0.015319 0.160000 0.000000
-0.009362 0.017021 0.160000 0.000000
-0.009362 0.018723 0.160000 0.000000
-0.009362 0.020426 0.160000 1.000000
-0.009362 0.022128 0.160000 1.000000
-0.009362 0.023830 0.160000 1.000000
-0.009362 0.025532 0.160000 1.000000
-0.009362 0.027234 0.160000 1.000000
-0.009362 0.028936 0.160000 1.000000
-0.009362 0.030638 0.160000 1.000000
-0.009362 0.032340 0.160000 1.000000
-0.009362 0.034043 0.160000 1.000000
-0.009362 0.035745 0.160000 1.000000
-0.009362 0.037447 0.160000 1.000000
-0.009362 0.039149 0.160000 1.000000
-0.009362 0.040851 0.160000 0.000000
-0.009362 0.042553 0.160000 0.000000
-0.009362 0.044255 0.160000 0.000000
-0.009362 0.045957 0.160000 0.000000
-0.009362 0.047660 0.160000 0.000000
-0.009362 0.049362 0.160000 0.000000
-0.009362 0.051064 0.160000 0.000000
-0.009362 0.052766 0.160000 0.000000
-0.009362 0.054468 0.160000 0.000000
-0.009362 0.056170 0.160000 0.000000
-0.009362 0.057872 0.160000 0.000000
-0.009362 0.059574 0.160000 0.000000
-0.009362 0.061277 0.160000 1.000000
-0.009362 0.062979 0.160000 1.000000
-0.009362 0.064681 0.160000 1.000000
-0.009362 0.066383 0.160000 1.000000
-0.009362 0.068085 0.160000 1.000000
-0.009362 0.069787 0.160000 1.000000
-0.009362 0.071489 0.160000 1.000000
-0.009362 0.073191 0.160000 1.000000
-0.009362 0.074894 0.160000 1.000000
-0.009362 0.076596 0.160000 1.000000
-0.009362 0.078298 0.160000 1.000000
-0.009362 0.080000 0.160000 0.000000
-0.007660 0.000000 0.160000 0.000000
-0.007660 0.001702 0.160000 0.000000
-0.007660 0.003404 0.160000 0.000000
-0.007660 0.005106 0.160000 0.000000
-0.007660 0.006809 0.160000 0.000000
-0.007660 0.008511 0.160000 0.000000
-0.007660 0.010213 0.160000 0.000000
-0.007660 0.011915 0.160000 0.000000
-0.007660 0.013617 0.160000 0.000000
-0.007660 0.015319 0.160000 0.000000
-0.007660 0.017021 0.160000 0.000000
-0.007660 0.018723 0.160000 0.000000
-0.007660 0.020426 0.160000 1.000000
-0.007660 0.022128 0.160000 1.000000
-0.007660 0.023830 0.160000 1.000000
-0.007660 0.025532 0.160000 1.000000
-0.007660 0.027234 0.160000 1.000000
-0.007660 0.028936 0.160000 1.000000
-0.007660 0.030638 0.160000 1.000000
-0.007660 0.032340 0.160000 1.000000
-0.007660 0.034043 0.160000 1.000000
-0.007660 0.035745 0.160000 1.000000
-0.007660 0.037447 0.160000 1.000000
-0.007660 0.039149 0.160000 1.000000
-0.007660 0.040851 0.160000 0.000000
-0.007660 0.042553 0.160000 0.000000
-0.007660 0.044255 0.160000 0.000000
-0.007660 0.045957 0.160000 0.000000
-0.007660 0.047660 0.160000 0.000000
-0.007660 0.049362 0.160000 0.000000
-0.007660 0.051064 0.160000 0.000000
-0.007660 0.052766 0.160000 0.000000
-0.007660 0.054468 0.160000 0.000000
-0.007660 0.056170 0.160000 0.000000
-0.007660 0.057872 0.160000 0.000000
-0.007660 0.059574 0.160000 0.000000
-0.007660 0.061277 0.160000 1.000000
-0.007660 0.062979 0.160000 1.000000
-0.007660 0.064681 0.160000 1.000000
-0.007660 0.066383 0.160000 1.000000
-0.007660 0.068085 0.160000 1.000000
-0.007660 0.069787 0.160000 1.000000
-0.007660 0.071489 0.160000 1.000000
-0.007660 0.073191 0.160000 1.000000
-0.007660 0.074894 0.160000 1.000000
-0.007660 0.076596 0.160000 1.000000
-0.007660 0.078298 0.160000 1.000000
-0.007660 0.080000 0.160000 0.000000
-0.005957 0.000000 0.160000 0.000000
-0.005957 0.001702 0.160000 0.000000
-0.005957 0.003404 0.160000 0.000000
-0.005957 0.005106 0.160000 0.000000
-0.005957 0.006809 0.160000 0.000000
-0.005957 0.008511 0.160000 0.000000
-0.005957 0.010213 0.160000 0.000000
-0.005957 0.011915 0.160000 0.000000
-0.005957 0.013617 0.160000 0.000000
-0.005957 0.015319 0.160000 0.000000
-0.005957 0.017021 0.160000 0.000000
-0.005957 0.018723 0.160000 0.000000
-0.005957 0.020426 0.160000 1.000000
-0.005957 0.022128 0.160000 1.000000
-0.005957 0.023830 0.160000 1.000000
-0.005957 0.025532 0.160000 1.000000
-0.005957 0.027234 0.160000 1.000000
-0.005957 0.028936 0.160000 1.000000
-0.005957 0.030638 0.160000 1.000000
-0.005957 0.032340 0.160000 1.000000
-0.005957 0.034043 0.160000 1.000000
-0.005957 0.035745 0.160000 1.000000
-0.005957 0.037447 0.160000 1.000000
-0.005957 0.039149 0.160000 1.000000
-0.005957 0.040851 0.160000 0.000000
-0.005957 0.042553 0.160000 0.000000
-0.005957 0.044255 0.160000 0.000000
-0.005957 0.045957 0.160000 0.000000
-0.005957 0.047660 0.160000 0.000000
-0.005957 0.049362 0.160000 0.000000
-0.005957 0.051064 0.160000 0.000000
-0.005957 0.052766 0.160000 0.000000
-0.005957 0.054468 0.160000 0.000000
-0.005957 0.056170 0.160000 0.000000
-0.005957 0.057872 0.160000 0.000000
-0.005957 0.059574 0.160000 0.000000
-0.005957 0.061277 0.160000 1.000000
-0.005957 0.062979 0.160000 1.000000
-0.005957 0.064681 0.160000 1.000000
-0.005957 0.066383 0.160000 1.000000
-0.005957 0.068085 0.160000 1.000000
-0.005957 0.069787 0.160000 1.000000
-0.005957 0.071489 0.160000 1.000000
-0.005957 0.073191 0.160000 1.000000
-0.005957 0.074894 0.160000 1.000000
-0.005957 0.076596 0.160000 1.000000
-0.005957 0.078298 0.160000 1.000000
-0.005957 0.080000 0.160000 0.000000
-0.004255 0.000000 0.160000 0.000000
-0.004255 0.001702 0.160000 0.000000
-0.004255 0.003404 0.160000 0.000000
-0.004255 0.005106 0.160000 0.000000
-0.004255 0.006809 0.160000 0.000000
-0.004255 0.008511 0.160000 0.000000
-0.004255 0.010213 0.160000 0.000000
-0.004255 0.011915 0.160000 0.000000
-0.004255 0.013617 0.160000 0.000000
-0.004255 0.015319 0.160000 0.000000
-0.004255 0.017021 0.160000 0.000000
-0.004255 0.018723 0.160000 0.000000
-0.004255 0.020426 0.160000 1.000000
-0.004255 0.022128 0.160000 1.000000
-0.004255 0.023830 0.160000 1.000000
-0.004255 0.025532 0.160000 1.000000
-0.004255 0.027234 0.160000 1.000000
-0.004255 0.028936 0.160000 1.000000
-0.004255 0.030638 0.160000 1.000000
-0.004255 0.032340 0.160000 1.000000
-0.004255 0.034043 0.160000 1.000000
-0.004255 0.035745 0.160000 1.000000
-0.004255 0.037447 0.160000 1.000000
-0.004255 0.039149 0.160000 1.000000
-0.004255 0.040851 0.160000 0.000000
-0.004255 0.042553 0.160000 0.000000
-0.004255 0.044255 0.160000 0.000000
-0.004255 0.045957 0.160000 0.000000
-0.004255 0.047660 0.160000 0.000000
-0.004255 0.049362 0.160000 0.000000
-0.004255 0.051064 0.160000 0.000000
-0.004255 0.052766 0.160000 0.000000
-0.004255 0.054468 0.160000 0.000000
-0.004255 0.056170 0.160000 0.000000
-0.004255 0.057872 0.160000 0.000000
-0.004255 0.059574 0.160000 0.000000
-0.004255 0.061277 0.160000 1.000000
-0.004255 0.062979 0.160000 1.000000
-0.004255 0.064681 0.160000 1.000000
-0.004255 0.066383 0.160000 1.000000
-0.004255 0.068085 0.160000 1.000000
-0.004255 0.069787 0.160000 1.000000
-0.004255 0.071489 0.160000 1.000000
-0.004255 0.073191 0.160000 1.000000
-0.004255 0.074894 0.160000 1.000000
-0.004255 0.076596 0.160000 1.000000
-0.004255 0.078298 0.160000 1.000000
-0.004255 0.080000 0.160000 0.000000
-0.002553 0.000000 0.160000 0.000000
-0.002553 0.001702 0.160000 0.000000
-0.002553 0.003404 0.160000 0.000000
-0.002553 0.005106 0.160000 0.000000
-0.002553 0.006809 0.160000 0.000000
-0.002553 0.008511 0.160000 0.000000
-0.002553 0.010213 0.160000 0.000000
-0.002553 0.011915 0.160000 0.000000
-0.002553 0.013617 0.160000 0.000000
-0.002553 0.015319 0.160000 0.000000
-0.002553 0.017021 0.160000 0.000000
-0.002553 0.018723 0.160000 0.000000
-0.002553 0.020426 0.160000 1.000000
-0.002553 0.022128 0.160000 1.000000
-0.002553 0.023830 0.160000 1.000000
-0.002553 0.025532 0.160000 1.000000
-0.002553 0.027234 0.160000 1.000000
-0.002553 0.028936 0.160000 1.000000
-0.002553 0.030638 0.160000 1.000000
-0.002553 0.032340 0.160000 1.000000
-0.002553 0.034043 0.160000 1.000000
-0.002553 0.035745 0.160000 1.000000
-0.002553 0.037447 0.160000 1.000000
-0.002553 0.039149 0.160000 1.000000
-0.002553 0.040851 0.160000 0.000000
-0.002553 0.042553 0.160000 0.000000
-0.002553 0.044255 0.160000 0.000000
-0.002553 0.045957 0.160000 0.000000
-0.002553 0.047660 0.160000 0.000000
-0.002553 0.049362 0.160000 0.000000
-0.002553 0.051064 0.160000 0.000000
-0.002553 0.052766 0.160000 0.000000
-0.002553 0.054468 0.160000 0.000000
-0.002553 0.056170 0.160000 0.000000
-0.002553 0.057872 0.160000 0.000000
-0.002553 0.059574 0.160000 0.000000
-0.002553 0.061277 0.160000 1.000000
-0.002553 0.062979 0.160000 1.000000
-0.002553 0.064681 0.160000 1.000000
-0.002553 0.066383 0.160000 1.000000
-0.002553 0.068085 0.160000 1.000000
-0.002553 0.069787 0.160000 1.000000
-0.002553 0.071489 0.160000 1.000000
-0.002553 0.073191 0.160000 1.000000
-0.002553 0.074894 0.160000 1.000000
-0.002553 0.076596 0.160000 1.000000
-0.002553 0.078298 0.160000 1.000000
-0.002553 0.080000 0.160000 0.000000
-0.000851 0.000000 0.160000 0.000000
-0.000851 0.001702 0.160000 0.000000
-0.000851 0.003404 0.160000 0.000000
-0.000851 0.005106 0.160000 0.000000
-0.000851 0.006809 0.160000 0.000000
-0.000851 0.008511 0.160000 0.000000
-0.000851 0.010213 0.160000 0.000000
-0.000851 0.011915 0.160000 0.000000
-0.000851 0.013617 0.160000 0.000000
-0.000851 0.015319 0.160000 0.000000
-0.000851 0.017021 0.160000 0.000000
-0.000851 0.018723 0.160000 0.000000
-0.000851 0.020426 0.160000 1.000000
-0.000851 0.022128 0.160000 1.000000
-0.000851 0.023830 0.160000 1.000000
-0.000851 0.025532 0.160000 1.000000
-0.000851 0.027234 0.160000 1.000000
-0.000851 0.028936 0.160000 1.000000
-0.000851 0.030638 0.160000 1.000000
-0.000851 0.032340 0.160000 1.000000
-0.000851 0.034043 0.160000 1.000000
-0.000851 0.035745 0.160000 1.000000
-0.000851 0.037447 0.160000 1.000000
-0.000851 0.039149 0.160000 1.000000
-0.000851 0.040851 0.160000 0.000000
-0.000851 0.042553 0.160000 0.000000
-0.000851 0.044255 0.160000 0.000000
-0.000851 0.045957 0.160000 0.000000
-0.000851 0.047660 0.160000 0.000000
-0.000851 0.049362 0.160000 0.000000
-0.000851 0.051064 0.160000 0.000000
-0.000851 0.052766 0.160000 0.000000
-0.000851 0.054468 0.160000 0.000000
-0.000851 0.056170 0.160000 0.000000
-0.000851 0.057872 0.160000 0.000000
-0.000851 0.059574 0.160000 0.000000
-0.000851 0.061277 0.160000 1.000000
-0.000851 0.062979 0.160000 1.000000
-0.000851 0.064681 0.160000 1.000000
-0.000851 0.066383 0.160000 1.000000
-0.000851 0.068085 0.160000 1.000000
-0.000851 0.069787 0.160000 1.000000
-0.000851 0.071489 0.160000 1.000000
-0.000851 0.073191 0.160000 1.000000
-0.000851 0.074894 0.160000 1.000000
-0.000851 0.076596 0.160000 1.000000
-0.000851 0.078298 0.160000 1.000000
-0.000851 0.080000 0.160000 0.000000
0.000851 0.000000 0.160000 1.000000
0.000851 0.001702 0.160000 1.000000
0.000851 0.003404 0.160000 1.000000
0.000851 0.005106 0.160000 1.000000
0.000851 0.006809 0.160000 1.000000
0.000851 0.008511 0.160000 1.000000
0.000851 0.010213 0.160000 1.000000
0.000851 0.011915 0.160000 1.000000
0.000851 0.013617 0.160000 1.000000
0.000851 0.015319 0.160000 1.000000
0.000851 0.017021 0.160000 1.000000
0.000851 0.018723 0.160000 1.000000
0.000851 0.020426 0.160000 0.000000
0.000851 0.022128 0.160000 0.000000
0.000851 0.023830 0.160000 0.000000
0.000851 0.025532 0.160000 0.000000
0.000851 0.027234 0.160000 0.000000
0.000851 0.028936 0.160000 0.000000
0.000851 0.030638 0.160000 0.000000
0.000851 0.032340 0.160000 0.000000
0.000851 0.034043 0.160000 0.000000
0.000851 0.035745 0.160000 0.000000
0.000851 0.037447 0.160000 0.000000
0.000851 0.039149 0.160000 0.000000
0.000851 0.040851 0.160000 1.000000
0.000851 0.042553 0.160000 1.000000
0.000851 0.044255 0.160000 1.000000
0.000851 0.045957 0.160000 1.000000
0.000851 0.047660 0.160000 1.000000
0.000851 0.049362 0.160000 1.000000
0.000851 0.051064 0.160000 1.000000
0.000851 0.052766 0.160000 1.000000
0.000851 0.054468 0.160000 1.000000
0.000851 0.056170 0.160000 1.000000
0.000851 0.057872 0.160000 1.000000
0.000851 0.059574 0.160000 1.000000
0.000851 0.061277 0.160000 0.000000
0.000851 0.062979 0.160000 0.000000
0.000851 0.064681 0.160000 0.000000
0.000851 0.066383 0.160000 0.000000
0.000851 0.068085 0.160000 0.000000
0.000851 0.069787 0.160000 0.000000
0.000851 0.071489 0.160000 0.000000
0.000851 0.073191 0.160000 0.000000
0.000851 0.074894 0.160000 0.000000
0.000851 0.076596 0.160000 0.000000
0.000851 0.078298 0.160000 0.000000
0.000851 0.080000 0.160000 1.000000
0.002553 0.000000 0.160000 1.000000
0.002553 0.001702 0.160000 1.000000
0.002553 0.003404 0.160000 1.000000
0.002553 0.005106 0.160000 1.000000
0.002553 0.006809 0.160000 1.000000
0.002553 0.008511 0.160000 1.000000
0.002553 0.010213 0.160000 1.000000
0.002553 0.011915 0.160000 1.000000
0.002553 0.013617 0.160000 1.000000
0.002553 0.015319 0.160000 1.000000
0.002553 0.017021 0.160000 1.000000
0.002553 0.018723 0.160000 1.000000
0.002553 0.020426 0.160000 0.000000
0.002553 0.022128 0.160000 0.000000
0.002553 0.023830 0.160000 0.000000
0.002553 0.025532 0.160000 0.000000
0.002553 0.027234 0.160000 0.000000
0.002553 0.028936 0.160000 0.000000
0.002553 0.030638 0.160000 0.000000
0.002553 0.032340 0.160000 0.000000
0.002553 0.034043 0.160000 0.000000
0.002553 0.035745 0.160000 0.000000
0.002553 0.037447 0.160000 0.000000
0.002553 0.039149 0.160000 0.000000
0.002553 0.040851 0.160000 1.000000
0.002553 0.042553 0.160000 1.000000
0.002553 0.044255 0.160000 1.000000
0.002553 0.045957 0.160000 1.000000
0.002553 0.047660 0.160000 1.000000
0.002553 0.049362 0.160000 1.000000
0.002553 0.051064 0.160000 1.000000
0.002553 0.052766 0.160000 1.000000
0.002553 0.054468 0.160000 1.000000
0.002553 0.056170 0.160000 1.000000
0.002553 0.057872 0.160000 1.000000
0.002553 0.059574 0.160000 1.000000
0.002553 0.061277 0.160000 0.000000
0.002553 0.062979 0.160000 0.000000
0.002553 0.064681 0.160000 0.000000
0.002553 0.066383 0.160000 0.000000
0.002553 0.068085 0.160000 0.000000
0.002553 0.069787 0.160000 0.000000
0.002553 0.071489 0.160000 0.000000
0.002553 0.073191 0.160000 0.000000
0.002553 0.074894 0.160000 0.000000
0.002553 0.076596 0.160000 0.000000
0.002553 0.078298 0.160000 0.000000
0.002553 0.080000 0.160000 1.000000
0.004255 0.000000 0.160000 1.000000
0.004255 0.001702 0.160000 1.000000
0.004255 0.003404 0.160000 1.000000
0.004255 0.005106 0.160000 1.000000
0.004255 0.006809 0.160000 1.000000
0.004255 0.008511 0.160000 1.000000
0.004255 0.010213 0.160000 1.000000
0.004255 0.011915 0.160000 1.000000
0.004255 0.013617 0.160000 1.000000
0.004255 0.015319 0.160000 1.000000
0.004255 0.017021 0.160000 1.000000
0.004255 0.018723 0.160000 1.000000
0.004255 0.020426 0.160000 0.000000
0.004255 0.022128 0.160000 0.000000
0.004255 0.023830 0.160000 0.000000
0.004255 0.025532 0.160000 0.000000
0.004255 0.027234 0.160000 0.000000
0.004255 0.028936 0.160000 0.000000
0.004255 0.030638 0.160000 0.000000
0.004255 0.032340 0.160000 0.000000
0.004255 0.034043 0.160000 0.000000
0.004255 0.035745 0.160000 0.000000
0.004255 0.037447 0.160000 0.000000
0.004255 0.039149 0.160000 0.000000
0.004255 0.040851 0.160000 1.000000
0.004255 0.042553 0.160000 1.000000
0.004255 0.044255 0.160000 1.000000
0.004255 0.045957 0.160000 1.000000
0.004255 0.047660 0.160000 1.000000
0.004255 0.049362 0.160000 1.000000
0.004255 0.051064 0.160000 1.000000
0.004255 0.052766 0.160000 1.000000
0.004255 0.054468 0.160000 1.000000
0.004255 0.056170 0.160000 1.000000
0.004255 0.057872 0.160000 1.000000
0.004255 0.059574 0.160000 1.000000
0.004255 0.061277 0.160000 0.000000
0.004255 0.062979 0.160000 0.000000
0.004255 0.064681 0.160000 0.000000
0.004255 0.066383 0.160000 0.000000
0.004255 0.068085 0.160000 0.000000
0.004255 0.069787 0.160000 0.000000
0.004255 0.071489 0.160000 0.000000
0.004255 0.073191 0.160000 0.000000
0.004255 0.074894 0.160000 0.000000
0.004255 0.076596 0.160000 0.000000
0.004255 0.078298 0.160000 0.000000
0.004255 0.080000 0.160000 1.000000
0.005957 0.000000 0.160000 1.000000
0.005957 0.001702 0.160000 1.000000
0.005957 0.003404 0.160000 1.000000
0.005957 0.005106 0.160000 1.000000
0.005957 0.006809 0.160000 1.000000
0.005957 0.008511 0.160000 1.000000
0.005957 0.010213 0.160000 1.000000
0.005957 0.011915 0.160000 1.000000
0.005957 0.013617 0.160000 1.000000
0.005957 0.015319 0.160000 1.000000
0.005957 0.017021 0.160000 1.000000
0.005957 0.018723 0.160000 1.000000
0.005957 0.020426 0.160000 0.000000
0.005957 0.022128 0.160000 0.000000
0.005957 0.023830 0.160000 0.000000
0.005957 0.025532 0.160000 0.000000
0.005957 0.027234 0.160000 0.000000
0.005957 0.028936 0.160000 0.000000
0.005957 0.030638 0.160000 0.000000
0.005957 0.032340 0.160000 0.000000
0.005957 0.034043 0.160000 0.000000
0.005957 0.035745 0.160000 0.000000
0.005957 0.037447 0.160000 0.000000
0.005957 0.039149 0.160000 0.000000
0.005957 0.040851 0.160000 1.000000
0.005957 0.042553 0.160000 1.000000
0.005957 0.044255 0.160000 1.000000
0.005957 0.045957 0.160000 1.000000
0.005957 0.047660 0.160000 1.000000
0.005957 0.049362 0.160000 1.000000
0.005957 0.051064 0.160000 1.000000
0.005957 0.052766 0.160000 1.000000
0.005957 0.054468 0.160000 1.000000
0.005957 0.056170 0.160000 1.000000
0.005957 0.057872 0.160000 1.000000
0.005957 0.059574 0.160000 1.000000
0.005957 0.061277 0.160000 0.000000
0.005957 0.062979 0.160000 0.000000
0.005957 0.064681 0.160000 0.000000
0.005957 0.066383 0.160000 0.000000
0.005957 0.068085 0.160000 0.000000
0.005957 0.069787 0.160000 0.000000
0.005957 0.071489 0.160000 0.000000
0.005957 0.073191 0.160000 0.000000
0.005957 0.074894 0.160000 0.000000
0.005957 0.076596 0.160000 0.000000
0.005957 0.078298 0.160000 0.000000
0.005957 0.080000 0.160000 1.000000
0.007660 0.000000 0.160000 1.000000
0.007660 0.001702 0.160000 1.000000
0.007660 0.003404 0.160000 1.000000
0.007660 0.005106 0.160000 1.000000
0.007660 0.006809 0.160000 1.000000
0.007660 0.008511 0.160000 1.000000
0.007660 0.010213 0.160000 1.000000
0.007660 0.011915 0.160000 1.000000
0.007660 0.013617 0.160000 1.000000
0.007660 0.015319 0.160000 1.000000
0.007660 0.017021 0.160000 1.000000
0.007660 0.018723 0.160000 1.000000
0.007660 0.020426 0.160000 0.000000
0.007660 0.022128 0.160000 0.000000
0.007660 0.023830 0.160000 0.000000
0.007660 0.025532 0.160000 0.000000
0.007660 0.027234 0.160000 0.000000
0.007660 0.028936 0.160000 0.000000
0.007660 0.030638 0.160000 0.000000
0.007660 0.032340 0.160000 0.000000
0.007660 0.034043 0.160000 0.000000
0.007660 0.035745 0.160000 0.000000
0.007660 0.037447 0.160000 0.000000
0.007660 0.039149 0.160000 0.000000
0.007660 0.040851 0.160000 1.000000
0.007660 0.042553 0.160000 1.000000
0.007660 0.044255 0.160000 1.000000
0.007660 0.045957 0.160000 1.000000
0.007660 0.047660 0.160000 1.000000
0.007660 0.049362 0.160000 1.000000
0.007660 0.051064 0.160000 1.000000
0.007660 0.052766 0.160000 1.000000
0.007660 0.054468 0.160000 1.000000
0.007660 0.056170 0.160000 1.000000
0.007660 0.057872 0.160000 1.000000
0.007660 0.059574 0.160000 1.000000
0.007660 0.061277 0.160000 0.000000
0.007660 0.062979 0.160000 0.000000
0.007660 0.064681 0.160000 0.000000
0.007660 0.066383 0.160000 0.000000
0.007660 0.068085 0.160000 0.000000
0.007660 0.069787 0.160000 0.000000
0.007660 0.071489 0.160000 0.000000
0.007660 0.073191 0.160000 0.000000
0.007660 0.074894 0.160000 0.000000
0.007660 0.076596 0.160000 0.000000
0.007660 0.078298 0.160000 0.000000
0.007660 0.080000 0.160000 1.000000
0.009362 0.000000 0.160000 1.000000
0.009362 0.001702 0.160000 1.000000
0.009362 0.003404 0.160000 1.000000
0.009362 0.005106 0.160000 1.000000
0.009362 0.006809 0.160000 1.000000
0.009362 0.008511 0.160000 1.000000
0.009362 0.010213 0.160000 1.000000
0.009362 0.011915 0.160000 1.000000
0.009362 0.013617 0.160000 1.000000
0.009362 0.015319 0.160000 1.000000
0.009362 0.017021 0.160000 1.000000
0.009362 0.018723 0.160000 1.000000
0.009362 0.020426 0.160000 0.000000
0.009362 0.022128 0.160000 0.000000
0.009362 0.023830 0.160000 0.000000
0.009362 0.025532 0.160000 0.000000
0.009362 0.027234 0.160000 0.000000
0.009362 0.028936 0.160000 0.000000
0.009362 0.030638 0.160000 0.000000
0.009362 0.032340 0.160000 0.000000
0.009362 0.034043 0.160000 0.000000
0.009362 0.035745 0.160000 0.000000
0.009362 0.037447 0.160000 0.000000
0.009362 0.039149 0.160000 0.000000
0.009362 0.040851 0.160000 1.000000
0.009362 0.042553 0.160000 1.000000
0.009362 0.044255 0.160000 1.000000
0.009362 0.045957 0.160000 1.000000
0.009362 0.047660 0.160000 1.000000
0.009362 0.049362 0.160000 1.000000
0.009362 0.051064 0.160000 1.000000
0.009362 0.052766 0.160000 1.000000
0.009362 0.054468 0.160000 1.000000
0.009362 0.056170 0.160000 1.000000
0.009362 0.057872 0.160000 1.000000
0.009362 0.059574 0.160000 1.000000
0.009362 0.061277 0.160000 0.000000
0.009362 0.062979 0.160000 0.000000
0.009362 0.064681 0.160000 0.000000
0.009362 0.066383 0.160000 0.000000
0.009362 0.068085 0.160000 0.000000
0.009362 0.069787 0.160000 0.000000
0.009362 0.071489 0.160000 0.000000
0.009362 0.073191 0.160000 0.000000
0.009362 0.074894 0.160000 0.000000
0.009362 0.076596 0.160000 0.000000
0.009362 0.078298 0.160000 0.000000
0.009362 0.080000 0.160000 1.000000
0.011064 0.000000 0.160000 1.000000
0.011064 0.001702 0.160000 1.000000
0.011064 0.003404 0.160000 1.000000
0.011064 0.005106 0.160000 1.000000
0.011064 0.006809 0.160000 1.000000
0.011064 0.008511 0.160000 1.000000
0.011064 0.010213 0.160000 1.000000
0.011064 0.011915 0.160000 1.000000
0.011064 0.013617 0.160000 1.000000
0.011064 0.015319 0.160000 1.000000
0.011064 0.017021 0.160000 1.000000
0.011064 0.018723 0.160000 1.000000
0.011064 0.020426 0.160000 0.000000
0.011064 0.022128 0.160000 0.000000
0.011064 0.023830 0.160000 0.000000
0.011064 0.025532 0.160000 0.000000
0.011064 0.027234 0.160000 0.000000
0.011064 0.028936 0.160000 0.000000
0.011064 0.030638 0.160000 0.000000
0.011064 0.032340 0.160000 0.000000
0.011064 0.034043 0.160000 0.000000
0.011064 0.035745 0.160000 0.000000
0.011064 0.037447 0.160000 0.000000
0.011064 0.039149 0.160000 0.000000
0.011064 0.040851 0.160000 1.000000
0.011064 0.042553 0.160000 1.000000
0.011064 0.044255 0.160000 1.000000
0.011064 0.045957 0.160000 1.000000
0.011064 0.047660 0.160000 1.000000
0.011064 0.049362 0.160000 1.000000
0.011064 0.051064 0.160000 1.000000
0.011064 0.052766 0.160000 1.000000
0.011064 0.054468 0.160000 1.000000
0.011064 0.056170 0.160000 1.000000
0.011064 0.057872 0.160000 1.000000
0.011064 0.059574 0.160000 1.000000
0.011064 0.061277 0.160000 0.000000
0.011064 0.062979 0.160000 0.000000
0.011064 0.064681 0.160000 0.000000
0.011064 0.066383 0.160000 0.000000
0.011064 0.068085 0.160000 0.000000
0.011064 0.069787 0.160000 0.000000
0.011064 0.071489 0.160000 0.000000
0.011064 0.073191 0.160000 0.000000
0.011064 0.074894 0.160000 0.000000
0.011064 0.076596 0.160000 0.000000
0.011064 0.078298 0.160000 0.000000
0.011064 0.080000 0.160000 1.000000
0.012766 0.000000 0.160000 1.000000
0.012766 0.001702 0.160000 1.000000
0.012766 0.003404 0.160000 1.000000
0.012766 0.005106 0.160000 1.000000
0.012766 0.006809 0.160000 1.000000
0.012766 0.008511 0.160000 1.000000
0.012766 0.010213 0.160000 1.000000
0.012766 0.011915 0.160000 1.000000
0.012766 0.013617 0.160000 1.000000
0.012766 0.015319 0.160000 1.000000
0.012766 0.017021 0.160000 1.000000
0.012766 0.018723 0.160000 1.000000
0.012766 0.020426 0.160000 0.000000
0.012766 0.022128 0.160000 0.000000
0.012766 0.023830 0.160000 0.000000
0.012766 0.025532 0.160000 0.000000
0.012766 0.027234 0.160000 0.000000
0.012766 0.028936 0.160000 0.000000
0.012766 0.030638 0.160000 0.000000
0.012766 0.032340 0.160000 0.000000
0.012766 0.034043 0.160000 0.000000
0.012766 0.035745 0.160000 0.000000
0.012766 0.037447 0.160000 0.000000
0.012766 0.039149 0.160000 0.000000
0.012766 0.040851 0.160000 1.000000
0.012766 0.042553 0.160000 1.000000
0.012766 0.044255 0.160000 1.000000
0.012766 0.045957 0.160000 1.000000
0.012766 0.047660 0.160000 1.000000
0.012766 0.049362 0.160000 1.000000
0.012766 0.051064 0.160000 1.000000
0.012766 0.052766 0.160000 1.000000
0.012766 0.054468 0.160000 1.000000
0.012766 0.056170 0.160000 1.000000
0.012766 0.057872 0.160000 1.000000
0.012766 0.059574 0.160000 1.000000
0.012766 0.061277 0.160000 0.000000
0.012766 0.062979 0.160000 0.000000
0.012766 0.064681 0.160000 0.000000
0.012766 0.066383 0.160000 0.000000
0.012766 0.068085 0.160000 0.000000
0.012766 0.069787 0.160000 0.000000
0.012766 0.071489 0.160000 0.000000
0.012766 0.073191 0.160000 0.000000
0.012766 0.074894 0.160000 0.000000
0.012766 0.076596 0.160000 0.000000
0.012766 0.078298 0.160000 0.000000
0.012766 0.080000 0.160000 1.000000
0.014468 0.000000 0.160000 1.000000
0.014468 0.001702 0.160000 1.000000
0.014468 0.003404 0.160000 1.000000
0.014468 0.005106 0.160000 1.000000
0.014468 0.006809 0.160000 1.000000
0.014468 0.008511 0.160000 1.000000
0.014468 0.010213 0.160000 1.000000
0.014468 0.011915 0.160000 1.000000
0.014468 0.013617 0.160000 1.000000
0.014468 0.015319 0.160000 1.000000
0.014468 0.017021 0.160000 1.000000
0.014468 0.018723 0.160000 1.000000
0.014468 0.020426 0.160000 0.000000
0.014468 0.022128 0.160000 0.000000
0.014468 0.023830 0.160000 0.000000
0.014468 0.025532 0.160000 0.000000
0.014468 0.027234 0.160000 0.000000
0.014468 0.028936 0.160000 0.000000
0.014468 0.030638 0.160000 0.000000
0.014468 0.032340 0.160000 0.000000
0.014468 0.034043 0.160000 0.000000
0.014468 0.035745 0.160000 0.000000
0.014468 0.037447 0.160000 0.000000
0.014468 0.039149 0.160000 0.000000
0.014468 0.040851 0.160000 1.000000
0.014468 0.042553 0.160000 1.000000
0.014468 0.044255 0.160000 1.000000
0.014468 0.045957 0.160000 1.000000
0.014468 0.047660 0.160000 1.000000
0.014468 0.049362 0.160000 1.000000
0.014468 0.051064 0.160000 1.000000
0.014468 0.052766 0.160000 1.000000
0.014468 0.054468 0.160000 1.000000
0.014468 0.056170 0.160000 1.000000
0.014468 0.057872 0.160000 1.000000
0.014468 0.059574 0.160000 1.000000
0.014468 0.061277 0.160000 0.000000
0.014468 0.062979 0.160000 0.000000
0.014468 0.064681 0.160000 0.000000
0.014468 0.066383 0.160000 0.000000
0.014468 0.068085 0.160000 0.000000
0.014468 0.069787 0.160000 0.000000
0.014468 0.071489 0.160000 0.000000
0.014468 0.073191 0.160000 0.000000
0.014468 0.074894 0.160000 0.000000
0.014468 0.076596 0.160000 0.000000
0.014468 0.078298 0.160000 0.000000
0.014468 0.080000 0.160000 1.000000
0.016170 0.000000 0.160000 1.000000
0.016170 0.001702 0.160000 1.000000
0.016170 0.003404 0.160000 1.000000
0.016170 0.005106 0.160000 1.000000
0.016170 0.006809 0.160000 1.000000
0.016170 0.008511 0.160000 1.000000
0.016170 0.010213 0.160000 1.000000
0.016170 0.011915 0.160000 1.000000
0.016170 0.013617 0.160000 1.000000
0.016170 0.015319 0.160000 1.000000
0.016170 0.017021 0.160000 1.000000
0.016170 0.018723 0.160000 1.000000
0.016170 0.020426 0.160000 0.000000
0.016170 0.022128 0.160000 0.000000
0.016170 0.023830 0.160000 0.000000
0.016170 0.025532 0.160000 0.000000
0.016170 0.027234 0.160000 0.000000
0.016170 0.028936 0.160000 0.000000
0.016170 0.030638 0.160000 0.000000
0.016170 0.032340 0.160000 0.000000
0.016170 0.034043 0.160000 0.000000
0.016170 0.035745 0.160000 0.000000
0.016170 0.037447 0.160000 0.000000
0.016170 0.039149 0.160000 0.000000
0.016170 0.040851 0.160000 1.000000
0.016170 0.042553 0.160000 1.000000
0.016170 0.044255 0.160000 1.000000
0.016170 0.045957 0.160000 1.000000
0.016170 0.047660 0.160000 1.000000
0.016170 0.049362 0.160000 1.000000
0.016170 0.051064 0.160000 1.000000
0.016170 0.052766 0.160000 1.000000
0.016170 0.054468 0.160000 1.000000
0.016170 0.056170 0.160000 1.000000
0.016170 0.057872 0.160000 1.000000
0.016170 0.059574 0.160000 1.000000
0.016170 0.061277 0.160000 0.000000
0.016170 0.062979 0.160000 0.000000
0.016170 0.064681 0.160000 0.000000
0.016170 0.066383 0.160000 0.000000
0.016170 0.068085 0.160000 0.000000
0.016170 0.069787 0.160000 0.000000
0.016170 0.071489 0.160000 0.000000
0.016170 0.073191 0.160000 0.000000
0.016170 0.074894 0.160000 0.000000
0.016170 0.076596 0.160000 0.000000
0.016170 0.078298 0.160000 0.000000
0.016170 0.080000 0.160000 1.000000
0.017872 0.000000 0.160000 1.000000
0.017872 0.001702 0.160000 1.000000
0.017872 0.003404 0.160000 1.000000
0.017872 0.005106 0.160000 1.000000
0.017872 0.006809 0.160000 1.000000
0.017872 0.008511 0.160000 1.000000
0.017872 0.010213 0.160000 1.000000
0.017872 0.011915 0.160000 1.000000
0.017872 0.013617 0.160000 1.000000
0.017872 0.015319 0.160000 1.000000
0.017872 0.017021 0.160000 1.000000
0.017872 0.018723 0.160000 1.000000
0.017872 0.020426 0.160000 0.000000
0.017872 0.022128 0.160000 0.000000
0.017872 0.023830 0.160000 0.000000
0.017872 0.025532 0.160000 0.000000
0.017872 0.027234 0.160000 0.000000
0.017872 0.028936 0.160000 0.000000
0.017872 0.030638 0.160000 0.000000
0.017872 0.032340 0.160000 0.000000
0.017872 0.034043 0.160000 0.000000
0.017872 0.035745 0.160000 0.000000
0.017872 0.037447 0.160000 0.000000
0.017872 0.039149 0.160000 0.000000
0.017872 0.040851 0.160000 1.000000
0.017872 0.042553 0.160000 1.000000
0.017872 0.044255 0.160000 1.000000
0.017872 0.045957 0.160000 1.000000
0.017872 0.047660 0.160000 1.000000
0.017872 0.049362 0.160000 1.000000
0.017872 0.051064 0.160000 1.000000
0.017872 0.052766 0.160000 1.000000
0.017872 0.054468 0.160000 1.000000
0.017872 0.056170 0.160000 1.000000
0.017872 0.057872 0.160000 1.000000
0.017872 0.059574 0.160000 1.000000
0.017872 0.061277 0.160000 0.000000
0.017872 0.062979 0.160000 0.000000
0.017872 0.064681 0.160000 0.000000
0.017872 0.066383 0.160000 0.000000
0.017872 0.068085 0.160000 0.000000
0.017872 0.069787 0.160000 0.000000
0.017872 0.071489 0.160000 0.000000
0.017872 0.073191 0.160000 0.000000
0.017872 0.074894 0.160000 0.000000
0.017872 0.076596 0.160000 0.000000
0.017872 0.078298 0.160000 0.000000
0.017872 0.080000 0.160000 1.000000
0.019574 0.000000 0.160000 1.000000
0.019574 0.001702 0.160000 1.000000
0.019574 0.003404 0.160000 1.000000
0.019574 0.005106 0.160000 1.000000
0.019574 0.006809 0.160000 1.000000
0.019574 0.008511 0.160000 1.000000
0.019574 0.010213 0.160000 1.000000
0.019574 0.011915 0.160000 1.000000
0.019574 0.013617 0.160000 1.000000
0.019574 0.015319 0.160000 1.000000
0.019574 0.017021 0.160000 1.000000
0.019574 0.018723 0.160000 1.000000
0.019574 0.020426 0.160000 0.000000
0.019574 0.022128 0.160000 0.000000
0.019574 0.023830 0.160000 0.000000
0.019574 0.025532 0.160000 0.000000
0.019574 0.027234 0.160000 0.000000
0.019574 0.028936 0.160000 0.000000
0.019574 0.030638 0.160000 0.000000
0.019574 0.032340 0.160000 0.000000
0.019574 0.034043 0.160000 0.000000
0.019574 0.035745 0.160000 0.000000
0.019574 0.037447 0.160000 0.000000
0.019574 0.039149 0.160000 0.000000
0.019574 0.040851 0.160000 1.000000
0.019574 0.042553 0.160000 1.000000
0.019574 0.044255 0.160000 1.000000
0.019574 0.045957 0.160000 1.000000
0.019574 0.047660 0.160000 1.000000
0.019574 0.049362 0.160000 1.000000
0.019574 0.051064 0.160000 1.000000
0.019574 0.052766 0.160000 1.000000
0.019574 0.054468 0.160000 1.000000
0.019574 0.056170 0.160000 1.000000
0.019574 0.057872 0.160000 1.000000
0.019574 0.059574 0.160000 1.000000
0.019574 0.061277 0.160000 0.000000
0.019574 0.062979 0.160000 0.000000
0.019574 0.064681 0.160000 0.000000
0.019574 0.066383 0.160000 0.000000
0.019574 0.068085 0.160000 0.000000
0.019574 0.069787 0.160000 0.000000
0.019574 0.071489 0.160000 0.000000
0.019574 0.073191 0.160000 0.000000
0.019574 0.074894 0.160000 0.000000
0.019574 0.076596 0.160000 0.000000
0.019574 0.078298 0.160000 0.000000
0.019574 0.080000 0.160000 1.000000
0.021277 0.000000 0.160000 0.000000
0.021277 0.001702 0.160000 0.000000
0.021277 0.003404 0.160000 0.000000
0.021277 0.005106 0.160000 0.000000
0.021277 0.006809 0.160000 0.000000
0.021277 0.008511 0.160000 0.000000
0.021277 0.010213 0.160000 0.000000
0.021277 0.011915 0.160000 0.000000
0.021277 0.013617 0.160000 0.000000
0.021277 0.015319 0.160000 0.000000
0.021277 0.017021 0.160000 0.000000
0.021277 0.018723 0.160000 0.000000
0.021277 0.020426 0.160000 1.000000
0.021277 0.022128 0.160000 1.000000
0.021277 0.023830 0.160000 1.000000
0.021277 0.025532 0.160000 1.000000
0.021277 0.027234 0.160000 1.000000
0.021277 0.028936 0.160000 1.000000
0.021277 0.030638 0.160000 1.000000
0.021277 0.032340 0.160000 1.000000
0.021277 0.034043 0.160000 1.000000
0.021277 0.035745 0.160000 1.000000
0.021277 0.037447 0.160000 1.000000
0.021277 0.039149 0.160000 1.000000
0.021277 0.040851 0.160000 0.000000
0.021277 0.042553 0.160000 0.000000
0.021277 0.044255 0.160000 0.000000
0.021277 0.045957 0.160000 0.000000
0.021277 0.047660 0.160000 0.000000
0.021277 0.049362 0.160000 0.000000
0.021277 0.051064 0.160000 0.000000
0.021277 0.052766 0.160000 0.000000
0.021277 0.054468 0.160000 0.000000
0.021277 0.056170 0.160000 0.000000
0.021277 0.057872 0.160000 0.000000
0.021277 0.059574 0.160000 0.000000
0.021277 0.061277 0.160000 1.000000
0.021277 0.062979 0.160000 1.000000
0.021277 0.064681 0.160000 1.000000
0.021277 0.066383 0.160000 1.000000
0.021277 0.068085 0.160000 1.000000
0.021277 0.069787 0.160000 1.000000
0.021277 0.071489 0.160000 1.000000
0.021277 0.073191 0.160000 1.000000
0.021277 0.074894 0.160000 1.000000
0.021277 0.076596 0.160000 1.000000
0.021277 0.078298 0.160000 1.000000
0.021277 0.080000 0.160000 0.000000
0.022979 0.000000 0.160000 0.000000
0.022979 0.001702 0.160000 0.000000
0.022979 0.003404 0.160000 0.000000
0.022979 0.005106 0.160000 0.000000
0.022979 0.006809 0.160000 0.000000
0.022979 0.008511 0.160000 0.000000
0.022979 0.010213 0.160000 0.000000
0.022979 0.011915 0.160000 0.000000
0.022979 0.013617 0.160000 0.000000
0.022979 0.015319 0.160000 0.000000
0.022979 0.017021 0.160000 0.000000
0.022979 0.018723 0.160000 0.000000
0.022979 0.020426 0.160000 1.000000
0.022979 0.022128 0.160000 1.000000
0.022979 0.023830 0.160000 1.000000
0.022979 0.025532 0.160000 1.000000
0.022979 0.027234 0.160000 1.000000
0.022979 0.028936 0.160000 1.000000
0.022979 0.030638 0.160000 1.000000
0.022979 0.032340 0.160000 1.000000
0.022979 0.034043 0.160000 1.000000
0.022979 0.035745 0.160000 1.000000
0.022979 0.037447 0.160000 1.000000
0.022979 0.039149 0.160000 1.000000
0.022979 0.040851 0.160000 0.000000
0.022979 0.042553 0.160000 0.000000
0.022979 0.044255 0.160000 0.000000
0.022979 0.045957 0.160000 0.000000
0.022979 0.047660 0.160000 0.000000
0.022979 0.049362 0.160000 0.000000
0.022979 0.051064 0.160000 0.000000
0.022979 0.052766 0.160000 0.000000
0.022979 0.054468 0.160000 0.000000
0.022979 0.056170 0.160000 0.000000
0.022979 0.057872 0.160000 0.000000
0.022979 0.059574 0.160000 0.000000
0.022979 0.061277 0.160000 1.000000
0.022979 0.062979 0.160000 1.000000
0.022979 0.064681 0.160000 1.000000
0.022979 0.066383 0.160000 1.000000
0.022979 0.068085 0.160000 1.000000
0.022979 0.069787 0.160000 1.000000
0.022979 0.071489 0.160000 1.000000
0.022979 0.073191 0.160000 1.000000
0.022979 0.074894 0.160000 1.000000
0.022979 0.076596 0.160000 1.000000
0.022979 0.078298 0.160000 1.000000
0.022979 0.080000 0.160000 0.000000
0.024681 0.000000 0.160000 0.000000
0.024681 0.001702 0.160000 0.000000
0.024681 0.003404 0.160000 0.000000
0.024681 0.005106 0.160000 0.000000
0.024681 0.006809 0.160000 0.000000
0.024681 0.008511 0.160000 0.000000
0.024681 0.010213 0.160000 0.000000
0.024681 0.011915 0.160000 0.000000
0.024681 0.013617 0.160000 0.000000
0.024681 0.015319 0.160000 0.000000
0.024681 0.017021 0.160000 0.000000
0.024681 0.018723 0.160000 0.000000
0.024681 0.020426 0.160000 1.000000
0.024681 0.022128 0.160000 1.000000
0.024681 0.023830 0.160000 1.000000
0.024681 0.025532 0.160000 1.000000
0.024681 0.027234 0.160000 1.000000
0.024681 0.028936 0.160000 1.000000
0.024681 0.030638 0.160000 1.000000
0.024681 0.032340 0.160000 1.000000
0.024681 0.034043 0.160000 1.000000
0.024681 0.035745 0.160000 1.000000
0.024681 0.037447 0.160000 1.000000
0.024681 0.039149 0.160000 1.000000
0.024681 0.040851 0.160000 0.000000
0.024681 0.042553 0.160000 0.000000
0.024681 0.044255 0.160000 0.000000
0.024681 0.045957 0.160000 0.000000
0.024681 0.047660 0.160000 0.000000
0.024681 0.049362 0.160000 0.000000
0.024681 0.051064 0.160000 0.000000
0.024681 0.052766 0.160000 0.000000
0.024681 0.054468 0.160000 0.000000
0.024681 0.056170 0.160000 0.000000
0.024681 0.057872 0.160000 0.000000
0.024681 0.059574 0.160000 0.000000
0.024681 0.061277 0.160000 1.000000
0.024681 0.062979 0.160000 1.000000
0.024681 0.064681 0.160000 1.000000
0.024681 0.066383 0.160000 1.000000
0.024681 0.068085 0.160000 1.000000
0.024681 0.069787 0.160000 1.000000
0.024681 0.071489 0.160000 1.000000
0.024681 0.073191 0.160000 1.000000
0.024681 0.074894 0.160000 1.000000
0.024681 0.076596 0.160000 1.000000
0.024681 0.078298 0.160000 1.000000
0.024681 0.080000 0.160000 0.000000
0.026383 0.000000 0.160000 0.000000
0.026383 0.001702 0.160000 0.000000
0.026383 0.003404 0.160000 0.000000
0.026383 0.005106 0.160000 0.000000
0.026383 0.006809 0.160000 0.000000
0.026383 0.008511 0.160000 0.000000
0.026383 0.010213 0.160000 0.000000
0.026383 0.011915 0.160000 0.000000
0.026383 0.013617 0.160000 0.000000
0.026383 0.015319 0.160000 0.000000
0.026383 0.017021 0.160000 0.000000
0.026383 0.018723 0.160000 0.000000
0.026383 0.020426 0.160000 1.000000
0.026383 0.022128 0.160000 1.000000
0.026383 0.023830 0.160000 1.000000
0.026383 0.025532 0.160000 1.000000
0.026383 0.027234 0.160000 1.000000
0.026383 0.028936 0.160000 1.000000
0.026383 0.030638 0.160000 1.000000
0.026383 0.032340 0.160000 1.000000
0.026383 0.034043 0.160000 1.000000
0.026383 0.035745 0.160000 1.000000
0.026383 0.037447 0.160000 1.000000
0.026383 0.039149 0.160000 1.000000
0.026383 0.040851 0.160000 0.000000
0.026383 0.042553 0.160000 0.000000
0.026383 0.044255 0.160000 0.000000
0.026383 0.045957 0.160000 0.000000
0.026383 0.047660 0.160000 0.000000
0.026383 0.049362 0.160000 0.000000
0.026383 0.051064 0.160000 0.000000
0.026383 0.052766 0.160000 0.000000
0.026383 0.054468 0.160000 0.000000
0.026383 0.056170 0.160000 0.000000
0.026383 0.057872 0.160000 0.000000
0.026383 0.059574 0.160000 0.000000
0.026383 0.061277 0.160000 1.000000
0.026383 0.062979 0.160000 1.000000
0.026383 0.064681 0.160000 1.000000
0.026383 0.066383 0.160000 1.000000
0.026383 0.068085 0.160000 1.000000
0.026383 0.069787 0.160000 1.000000
0.026383 0.071489 0.160000 1.000000
0.026383 0.073191 0.160000 1.000000
0.026383 0.074894 0.160000 1.000000
0.026383 0.076596 0.160000 1.000000
0.026383 0.078298 0.160000 1.000000
0.026383 0.080000 0.160000 0.000000
0.028085 0.000000 0.160000 0.000000
0.028085 0.001702 0.160000 0.000000
0.028085 0.003404 0.160000 0.000000
0.028085 0.005106 0.160000 0.000000
0.028085 0.006809 0.160000 0.000000
0.028085 0.008511 0.160000 0.000000
0.028085 0.010213 0.160000 0.000000
0.028085 0.011915 0.160000 0.000000
0.028085 0.013617 0.160000 0.000000
0.028085 0.015319 0.160000 0.000000
0.028085 0.017021 0.160000 0.000000
0.028085 0.018723 0.160000 0.000000
0.028085 0.020426 0.160000 1.000000
0.028085 0.022128 0.160000 1.000000
0.028085 0.023830 0.160000 1.000000
0.028085 0.025532 0.160000 1.000000
0.028085 0.027234 0.160000 1.000000
0.028085 0.028936 0.160000 1.000000
0.028085 0.030638 0.160000 1.000000
0.028085 0.032340 0.160000 1.000000
0.028085 0.034043 0.160000 1.000000
0.028085 0.035745 0.160000 1.000000
0.028085 0.037447 0.160000 1.000000
0.028085 0.039149 0.160000 1.000000
0.028085 0.040851 0.160000 0.000000
0.028085 0.042553 0.160000 0.000000
0.028085 0.044255 0.160000 0.000000
0.028085 0.045957 0.160000 0.000000
0.028085 0.047660 0.160000 0.000000
0.028085 0.049362 0.160000 0.000000
0.028085 0.051064 0.160000 0.000000
0.028085 0.052766 0.160000 0.000000
0.028085 0.054468 0.160000 0.000000
0.028085 0.056170 0.160000 0.000000
0.028085 0.057872 0.160000 0.000000
0.028085 0.059574 0.160000 0.000000
0.028085 0.061277 0.160000 1.000000
0.028085 0.062979 0.160000 1.000000
0.028085 0.064681 0.160000 1.000000
0.028085 0.066383 0.160000 1.000000
0.028085 0.068085 0.160000 1.000000
0.028085 0.069787 0.160000 1.000000
0.028085 0.071489 0.160000 1.000000
0.028085 0.073191 0.160000 1.000000
0.028085 0.074894 0.160000 1.000000
0.028085 0.076596 0.160000 1.000000
0.028085 0.078298 0.160000 1.000000
0.028085 0.080000 0.160000 0.000000
0.029787 0.000000 0.160000 0.000000
0.029787 0.001702 0.160000 0.000000
0.029787 0.003404 0.160000 0.000000
0.029787 0.005106 0.160000 0.000000
0.029787 0.006809 0.160000 0.000000
0.029787 0.008511 0.160000 0.000000
0.029787 0.010213 0.160000 0.000000
0.029787 0.011915 0.160000 0.000000
0.029787 0.013617 0.160000 0.000000
0.029787 0.015319 0.160000 0.000000
0.029787 0.017021 0.160000 0.000000
0.029787 0.018723 0.160000 0.000000
0.029787 0.020426 0.160000 1.000000
0.029787 0.022128 0.160000 1.000000
0.029787 0.023830 0.160000 1.000000
0.029787 0.025532 0.160000 1.000000
0.029787 0.027234 0.160000 1.000000
0.029787 0.028936 0.160000 1.000000
0.029787 0.030638 0.160000 1.000000
0.029787 0.032340 0.160000 1.000000
0.029787 0.034043 0.160000 1.000000
0.029787 0.035745 0.160000 1.000000
0.029787 0.037447 0.160000 1.000000
0.029787 0.039149 0.160000 1.000000
0.029787 0.040851 0.160000 0.000000
0.029787 0.042553 0.160000 0.000000
0.029787 0.044255 0.160000 0.000000
0.029787 0.045957 0.160000 0.000000
0.029787 0.047660 0.160000 0.000000
0.029787 0.049362 0.160000 0.000000
0.029787 0.051064 0.160000 0.000000
0.029787 0.052766 0.160000 0.000000
0.029787 0.054468 0.160000 0.000000
0.029787 0.056170 0.160000 0.000000
0.029787 0.057872 0.160000 0.000000
0.029787 0.059574 0.160000 0.000000
0.029787 0.061277 0.160000 1.000000
0.029787 0.062979 0.160000 1.000000
0.029787 0.064681 0.160000 1.000000
0.029787 0.066383 0.160000 1.000000
0.029787 0.068085 0.160000 1.000000
0.029787 0.069787 0.160000 1.000000
0.029787 0.071489 0.160000 1.000000
0.029787 0.073191 0.160000 1.000000
0.029787 0.074894 0.160000 1.000000
0.029787 0.076596 0.160000 1.000000
0.029787 0.078298 0.160000 1.000000
0.029787 0.080000 0.160000 0.000000
0.031489 0.000000 0.160000 0.000000
0.031489 0.001702 0.160000 0.000000
0.031489 0.003404 0.160000 0.000000
0.031489 0.005106 0.160000 0.000000
0.031489 0.006809 0.160000 0.000000
0.031489 0.008511 0.160000 0.000000
0.031489 0.010213 0.160000 0.000000
0.031489 0.011915 0.160000 0.000000
0.031489 0.013617 0.160000 0.000000
0.031489 0.015319 0.160000 0.000000
0.031489 0.017021 0.160000 0.000000
0.031489 0.018723 0.160000 0.000000
0.031489 0.020426 0.160000 1.000000
0.031489 0.022128 0.160000 1.000000
0.031489 0.023830 0.160000 1.000000
0.031489 0.025532 0.160000 1.000000
0.031489 0.027234 0.160000 1.000000
0.031489 0.028936 0.160000 1.000000
0.031489 0.030638 0.160000 1.000000
0.031489 0.032340 0.160000 1.000000
0.031489 0.034043 0.160000 1.000000
0.031489 0.035745 0.160000 1.000000
0.031489 0.037447 0.160000 1.000000
0.031489 0.039149 0.160000 1.000000
0.031489 0.040851 0.160000 0.000000
0.031489 0.042553 0.160000 0.000000
0.031489 0.044255 0.160000 0.000000
0.031489 0.045957 0.160000 0.000000
0.031489 0.047660 0.160000 0.000000
0.031489 0.049362 0.160000 0.000000
0.031489 0.051064 0.160000 0.000000
0.031489 0.052766 0.160000 0.000000
0.031489 0.054468 0.160000 0.000000
0.031489 0.056170 0.160000 0.000000
0.031489 0.057872 0.160000 0.000000
0.031489 0.059574 0.160000 0.000000
0.031489 0.061277 0.160000 1.000000
0.031489 0.062979 0.160000 1.000000
0.031489 0.064681 0.160000 1.000000
0.031489 0.066383 0.160000 1.000000
0.031489 0.068085 0.160000 1.000000
0.031489 0.069787 0.160000 1.000000
0.031489 0.071489 0.160000 1.000000
0.031489 0.073191 0.160000 1.000000
0.031489 0.074894 0.160000 1.000000
0.031489 0.076596 0.160000 1.000000
0.031489 0.078298 0.160000 1.000000
0.031489 0.080000 0.160000 0.000000
0.033191 0.000000 0.160000 0.000000
0.033191 0.001702 0.160000 0.000000
0.033191 0.003404 0.160000 0.000000
0.033191 0.005106 0.160000 0.000000
0.033191 0.006809 0.160000 0.000000
0.033191 0.008511 0.160000 0.000000
0.033191 0.010213 0.160000 0.000000
0.033191 0.011915 0.160000 0.000000
0.033191 0.013617 0.160000 0.000000
0.033191 0.015319 0.160000 0.000000
0.033191 0.017021 0.160000 0.000000
0.033191 0.018723 0.160000 0.000000
0.033191 0.020426 0.160000 1.000000
0.033191 0.022128 0.160000 1.000000
0.033191 0.023830 0.160000 1.000000
0.033191 0.025532 0.160000 1.000000
0.033191 0.027234 0.160000 1.000000
0.033191 0.028936 0.160000 1.000000
0.033191 0.030638 0.160000 1.000000
0.033191 0.032340 0.160000 1.000000
0.033191 0.034043 0.160000 1.000000
0.033191 0.035745 0.160000 1.000000
0.033191 0.037447 0.160000 1.000000
0.033191 0.039149 0.160000 1.000000
0.033191 0.040851 0.160000 0.000000
0.033191 0.042553 0.160000 0.000000
0.033191 0.044255 0.160000 0.000000
0.033191 0.045957 0.160000 0.000000
0.033191 0.047660 0.160000 0.000000
0.033191 0.049362 0.160000 0.000000
0.033191 0.051064 0.160000 0.000000
0.033191 0.052766 0.160000 0.000000
0.033191 0.054468 0.160000 0.000000
0.033191 0.056170 0.160000 0.000000
0.033191 0.057872 0.160000 0.000000
0.033191 0.059574 0.160000 0.000000
0.033191 0.061277 0.160000 1.000000
0.033191 0.062979 0.160000 1.000000
0.033191 0.064681 0.160000 1.000000
0.033191 0.066383 0.160000 1.000000
0.033191 0.068085 0.160000 1.000000
0.033191 0.069787 0.160000 1.000000
0.033191 0.071489 0.160000 1.000000
0.033191 0.073191 0.160000 1.000000
0.033191 0.074894 0.160000 1.000000
0.033191 0.076596 0.160000 1.000000
0.033191 0.078298 0.160000 1.000000
0.033191 0.080000 0.160000 0.000000
0.034894 0.000000 0.160000 0.000000
0.034894 0.001702 0.160000 0.000000
0.034894 0.003404 0.160000 0.000000
0.034894 0.005106 0.160000 0.000000
0.034894 0.006809 0.160000 0.000000
0.034894 0.008511 0.160000 0.000000
0.034894 0.010213 0.160000 0.000000
0.034894 0.011915 0.160000 0.000000
0.034894 0.013617 0.160000 0.000000
0.034894 0.015319 0.160000 0.000000
0.034894 0.017021 0.160000 0.000000
0.034894 0.018723 0.160000 0.000000
0.034894 0.020426 0.160000 1.000000
0.034894 0.022128 0.160000 1.000000
0.034894 0.023830 0.160000 1.000000
0.034894 0.025532 0.160000 1.000000
0.034894 0.027234 0.160000 1.000000
0.034894 0.028936 0.160000 1.000000
0.034894 0.030638 0.160000 1.000000
0.034894 0.032340 0.160000 1.000000
0.034894 0.034043 0.160000 1.000000
0.034894 0.035745 0.160000 1.000000
0.034894 0.037447 0.160000 1.000000
0.034894 0.039149 0.160000 1.000000
0.034894 0.040851 0.160000 0.000000
0.034894 0.042553 0.160000 0.000000
0.034894 0.044255 0.160000 0.000000
0.034894 0.045957 0.160000 0.000000
0.034894 0.047660 0.160000 0.000000
0.034894 0.049362 0.160000 0.000000
0.034894 0.051064 0.160000 0.000000
0.034894 0.052766 0.160000 0.000000
0.034894 0.054468 0.160000 0.000000
0.034894 0.056170 0.160000 0.000000
0.034894 0.057872 0.160000 0.000000
0.034894 0.059574 0.160000 0.000000
0.034894 0.061277 0.160000 1.000000
0.034894 0.062979 0.160000 1.000000
0.034894 0.064681 0.160000 1.000000
0.034894 0.066383 0.160000 1.000000
0.034894 0.068085 0.160000 1.000000
0.034894 0.069787 0.160000 1.000000
0.034894 0.071489 0.160000 1.000000
0.034894 0.073191 0.160000 1.000000
0.034894 0.074894 0.160000 1.000000
0.034894 0.076596 0.160000 1.000000
0.034894 0.078298 0.160000 1.000000
0.034894 0.080000 0.160000 0.000000
0.036596 0.000000 0.160000 0.000000
0.036596 0.001702 0.160000 0.000000
0.036596 0.003404 0.160000 0.000000
0.036596 0.005106 0.160000 0.000000
0.036596 0.006809 0.160000 0.000000
0.036596 0.008511 0.160000 0.000000
0.036596 0.010213 0.160000 0.000000
0.036596 0.011915 0.160000 0.000000
0.036596 0.013617 0.160000 0.000000
0.036596 0.015319 0.160000 0.000000
0.036596 0.017021 0.160000 0.000000
0.036596 0.018723 0.160000 0.000000
0.036596 0.020426 0.160000 1.000000
0.036596 0.022128 0.160000 1.000000
0.036596 0.023830 0.160000 1.000000
0.036596 0.025532 0.160000 1.000000
0.036596 0.027234 0.160000 1.000000
0.036596 0.028936 0.160000 1.000000
0.036596 0.030638 0.160000 1.000000
0.036596 0.032340 0.160000 1.000000
0.036596 0.034043 0.160000 1.000000
0.036596 0.035745 0.160000 1.000000
0.036596 0.037447 0.160000 1.000000
0.036596 0.039149 0.160000 1.000000
0.036596 0.040851 0.160000 0.000000
0.036596 0.042553 0.160000 0.000000
0.036596 0.044255 0.160000 0.000000
0.036596 0.045957 0.160000 0.000000
0.036596 0.047660 0.160000 0.000000
0.036596 0.049362 0.160000 0.000000
0.036596 0.051064 0.160000 0.000000
0.036596 0.052766 0.160000 0.000000
0.036596 0.054468 0.160000 0.000000
0.036596 0.056170 0.160000 0.000000
0.036596 0.057872 0.160000 0.000000
0.036596 0.059574 0.160000 0.000000
0.036596 0.061277 0.160000 1.000000
0.036596 0.062979 0.160000 1.000000
0.036596 0.064681 0.160000 1.000000
0.036596 0.066383 0.160000 1.000000
0.036596 0.068085 0.160000 1.000000
0.036596 0.069787 0.160000 1.000000
0.036596 0.071489 0.160000 1.000000
0.036596 0.073191 0.160000 1.000000
0.036596 0.074894 0.160000 1.000000
0.036596 0.076596 0.160000 1.000000
0.036596 0.078298 0.160000 1.000000
0.036596 0.080000 0.160000 0.000000
0.038298 0.000000 0.160000 0.000000
0.038298 0.001702 0.160000 0.000000
0.038298 0.003404 0.160000 0.000000
0.038298 0.005106 0.160000 0.000000
0.038298 0.006809 0.160000 0.000000
0.038298 0.008511 0.160000 0.000000
0.038298 0.010213 0.160000 0.000000
0.038298 0.011915 0.160000 0.000000
0.038298 0.013617 0.160000 0.000000
0.038298 0.015319 0.160000 0.000000
0.038298 0.017021 0.160000 0.000000
0.038298 0.018723 0.160000 0.000000
0.038298 0.020426 0.160000 1.000000
0.038298 0.022128 0.160000 1.000000
0.038298 0.023830 0.160000 1.000000
0.038298 0.025532 0.160000 1.000000
0.038298 0.027234 0.160000 1.000000
0.038298 0.028936 0.160000 1.000000
0.038298 0.030638 0.160000 1.000000
0.038298 0.032340 0.160000 1.000000
0.038298 0.034043 0.160000 1.000000
0.038298 0.035745 0.160000 1.000000
0.038298 0.037447 0.160000 1.000000
0.038298 0.039149 0.160000 1.000000
0.038298 0.040851 0.160000 0.000000
0.038298 0.042553 0.160000 0.000000
0.038298 0.044255 0.160000 0.000000
0.038298 0.045957 0.160000 0.000000
0.038298 0.047660 0.160000 0.000000
0.038298 0.049362 0.160000 0.000000
0.038298 0.051064 0.160000 0.000000
0.038298 0.052766 0.160000 0.000000
0.038298 0.054468 0.160000 0.000000
0.038298 0.056170 0.160000 0.000000
0.038298 0.057872 0.160000 0.000000
0.038298 0.059574 0.160000 0.000000
0.038298 0.061277 0.160000 1.000000
0.038298 0.062979 0.160000 1.000000
0.038298 0.064681 0.160000 1.000000
0.038298 0.066383 0.160000 1.000000
0.038298 0.068085 0.160000 1.000000
0.038298 0.069787 0.160000 1.000000
0.038298 0.071489 0.160000 1.000000
0.038298 0.073191 0.160000 1.000000
0.038298 0.074894 0.160000 1.000000
0.038298 0.076596 0.160000 1.000000
0.038298 0.078298 0.160000 1.000000
0.038298 0.080000 0.160000 0.000000
0.040000 0.000000 0.160000 1.000000
0.040000 0.001702 0.160000 1.000000
0.040000 0.003404 0.160000 1.000000
0.040000 0.005106 0.160000 1.000000
0.040000 0.006809 0.160000 1.000000
0.040000 0.008511 0.160000 1.000000
0.040000 0.010213 0.160000 1.000000
0.040000 0.011915 0.160000 1.000000
0.040000 0.013617 0.160000 1.000000
0.040000 0.015319 0.160000 1.000000
0.040000 0.017021 0.160000 1.000000
0.040000 0.018723 0.160000 1.000000
0.040000 0.020426 0.160000 0.000000
0.040000 0.022128 0.160000 0.000000
0.040000 0.023830 0.160000 0.000000
0.040000 0.025532 0.160000 0.000000
0.040000 0.027234 0.160000 0.000000
0.040000 0.028936 0.160000 0.000000
0.040000 0.030638 0.160000 0.000000
0.040000 0.032340 0.160000 0.000000
0.040000 0.034043 0.160000 0.000000
0.040000 0.035745 0.160000 0.000000
0.040000 0.037447 0.160000 0.000000
0.040000 0.039149 0.160000 0.000000
0.040000 0.040851 0.160000 1.000000
0.040000 0.042553 0.160000 1.000000
0.040000 0.044255 0.160000 1.000000
0.040000 0.045957 0.160000 1.000000
0.040000 0.047660 0.160000 1.000000
0.040000 0.049362 0.160000 1.000000
0.040000 0.051064 0.160000 1.000000
0.040000 0.052766 0.160000 1.000000
0.040000 0.054468 0.160000 1.000000
0.040000 0.056170 0.160000 1.000000
0.040000 0.057872 0.160000 1.000000
0.040000 0.059574 0.160000 1.000000
0.040000 0.061277 0.160000 0.000000
0.040000 0.062979 0.160000 0.000000
0.040000 0.064681 0.160000 0.000000
0.040000 0.066383 0.160000 0.000000
0.040000 0.068085 0.160000 0.000000
0.040000 0.069787 0.160000 0.000000
0.040000 0.071489 0.160000 0.000000
0.040000 0.073191 0.160000 0.000000
0.040000 0.074894 0.160000 0.000000
0.040000 0.076596 0.160000 0.000000
0.040000 0.078298 0.160000 0.000000
0.040000 0.080000 0.160000 1.000000
