-0.040000 0.000000 -0.160000 0.292893
-0.040000 0.001702 -0.160000 0.307775
-0.040000 0.003404 -0.160000 0.322315
-0.040000 0.005106 -0.160000 0.336491
-0.040000 0.006809 -0.160000 0.350280
-0.040000 0.008511 -0.160000 0.363655
-0.040000 0.010213 -0.160000 0.376592
-0.040000 0.011915 -0.160000 0.389062
-0.040000 0.013617 -0.160000 0.401035
-0.040000 0.015319 -0.160000 0.412481
-0.040000 0.017021 -0.160000 0.423369
-0.040000 0.018723 -0.160000 0.433667
-0.040000 0.020426 -0.160000 0.443341
-0.040000 0.022128 -0.160000 0.452360
-0.040000 0.023830 -0.160000 0.460690
-0.040000 0.025532 -0.160000 0.468298
-0.040000 0.027234 -0.160000 0.475153
-0.040000 0.028936 -0.160000 0.481226
-0.040000 0.030638 -0.160000 0.486489
-0.040000 0.032340 -0.160000 0.490915
-0.040000 0.034043 -0.160000 0.494485
-0.040000 0.035745 -0.160000 0.497179
-0.040000 0.037447 -0.160000 0.498982
-0.040000 0.039149 -0.160000 0.499887
-0.040000 0.040851 -0.160000 0.499887
-0.040000 0.042553 -0.160000 0.498982
-0.040000 0.044255 -0.160000 0.497179
-0.040000 0.045957 -0.160000 0.494485
-0.040000 0.047660 -0.160000 0.490915
-0.040000 0.049362 -0.160000 0.486489
-0.040000 0.051064 -0.160000 0.481226
-0.040000 0.052766 -0.160000 0.475153
-0.040000 0.054468 -0.160000 0.468298
-0.040000 0.056170 -0.160000 0.460690
-0.040000 0.057872 -0.160000 0.452360
-0.040000 0.059574 -0.160000 0.443341
-0.040000 0.061277 -0.160000 0.433667
-0.040000 0.062979 -0.160000 0.423369
-0.040000 0.064681 -0.160000 0.412481
-0.040000 0.066383 -0.160000 0.401035
-0.040000 0.068085 -0.160000 0.389062
-0.040000 0.069787 -0.160000 0.376592
-0.040000 0.071489 -0.160000 0.363655
-0.040000 0.073191 -0.160000 0.350280
-0.040000 0.074894 -0.160000 0.336491
-0.040000 0.076596 -0.160000 0.322315
-0.040000 0.078298 -0.160000 0.307775
-0.040000 0.080000 -0.160000 0.292893
-0.038298 0.000000 -0.160000 0.307775
-0.038298 0.001702 -0.160000 0.322983
-0.038298 0.003404 -0.160000 0.337857
-0.038298 0.005106 -0.160000 0.352373
-0.038298 0.006809 -0.160000 0.366507
-0.038298 0.008511 -0.160000 0.380234
-0.038298 0.010213 -0.160000 0.393524
-0.038298 0.011915 -0.160000 0.406349
-0.038298 0.013617 -0.160000 0.418678
-0.038298 0.015319 -0.160000 0.430478
-0.038298 0.017021 -0.160000 0.441717
-0.038298 0.018723 -0.160000 0.452360
-0.038298 0.020426 -0.160000 0.462371
-0.038298 0.022128 -0.160000 0.471715
-0.038298 0.023830 -0.160000 0.480354
-0.038298 0.025532 -0.160000 0.488255
-0.038298 0.027234 -0.160000 0.495381
-0.038298 0.028936 -0.160000 0.501700
-0.038298 0.030638 -0.160000 0.507181
-0.038298 0.032340 -0.160000 0.511796
-0.038298 0.034043 -0.160000 0.515519
-0.038298 0.035745 -0.160000 0.518331
-0.038298 0.037447 -0.160000 0.520214
-0.038298 0.039149 -0.160000 0.521158
-0.038298 0.040851 -0.160000 0.521158
-0.038298 0.042553 -0.160000 0.520214
-0.038298 0.044255 -0.160000 0.518331
-0.038298 0.045957 -0.160000 0.515519
-0.038298 0.047660 -0.160000 0.511796
-0.038298 0.049362 -0.160000 0.507181
-0.038298 0.051064 -0.160000 0.501700
-0.038298 0.052766 -0.160000 0.495381
-0.038298 0.054468 -0.160000 0.488255
-0.038298 0.056170 -0.160000 0.480354
-0.038298 0.057872 -0.160000 0.471715
-0.038298 0.059574 -0.160000 0.462371
-0.038298 0.061277 -0.160000 0.452360
-0.038298 0.062979 -0.160000 0.441717
-0.038298 0.064681 -0.160000 0.430478
-0.038298 0.066383 -0.160000 0.418678
-0.038298 0.068085 -0.160000 0.406349
-0.038298 0.069787 -0.160000 0.393524
-0.038298 0.071489 -0.160000 0.380234
-0.038298 0.073191 -0.160000 0.366507
-0.038298 0.074894 -0.160000 0.352373
-0.038298 0.076596 -0.160000 0.337857
-0.038298 0.078298 -0.160000 0.322983
-0.038298 0.080000 -0.160000 0.307775
-0.036596 0.000000 -0.160000 0.322315
-0.036596 0.001702 -0.160000 0.337857
-0.036596 0.003404 -0.160000 0.353073
-0.036596 0.005106 -0.160000 0.367938
-0.036596 0.006809 -0.160000 0.382429
-0.036596 0.008511 -0.160000 0.396517
-0.036596 0.010213 -0.160000 0.410174
-0.036596 0.011915 -0.160000 0.423369
-0.036596 0.013617 -0.160000 0.436070
-0.036596 0.015319 -0.160000 0.448242
-0.036596 0.017021 -0.160000 0.459851
-0.036596 0.018723 -0.160000 0.470858
-0.036596 0.020426 -0.160000 0.481226
-0.036596 0.022128 -0.160000 0.490915
-0.036596 0.023830 -0.160000 0.499887
-0.036596 0.025532 -0.160000 0.508101
-0.036596 0.027234 -0.160000 0.515519
-0.036596 0.028936 -0.160000 0.522105
-0.036596 0.030638 -0.160000 0.527823
-0.036596 0.032340 -0.160000 0.532641
-0.036596 0.034043 -0.160000 0.536531
-0.036596 0.035745 -0.160000 0.539471
-0.036596 0.037447 -0.160000 0.541441
-0.036596 0.039149 -0.160000 0.542430
-0.036596 0.040851 -0.160000 0.542430
-0.036596 0.042553 -0.160000 0.541441
-0.036596 0.044255 -0.160000 0.539471
-0.036596 0.045957 -0.160000 0.536531
-0.036596 0.047660 -0.160000 0.532641
-0.036596 0.049362 -0.160000 0.527823
-0.036596 0.051064 -0.160000 0.522105
-0.036596 0.052766 -0.160000 0.515519
-0.036596 0.054468 -0.160000 0.508101
-0.036596 0.056170 -0.160000 0.499887
-0.036596 0.057872 -0.160000 0.490915
-0.036596 0.059574 -0.160000 0.481226
-0.036596 0.061277 -0.160000 0.470858
-0.036596 0.062979 -0.160000 0.459851
-0.036596 0.064681 -0.160000 0.448242
-0.036596 0.066383 -0.160000 0.436070
-0.036596 0.068085 -0.160000 0.423369
-0.036596 0.069787 -0.160000 0.410174
-0.036596 0.071489 -0.160000 0.396517
-0.036596 0.073191 -0.160000 0.382429
-0.036596 0.074894 -0.160000 0.367938
-0.036596 0.076596 -0.160000 0.353073
-0.036596 0.078298 -0.160000 0.337857
-0.036596 0.080000 -0.160000 0.322315
-0.034894 0.000000 -0.160000 0.336491
-0.034894 0.001702 -0.160000 0.352373
-0.034894 0.003404 -0.160000 0.367938
-0.034894 0.005106 -0.160000 0.383162
-0.034894 0.006809 -0.160000 0.398019
-0.034894 0.008511 -0.160000 0.412481
-0.034894 0.010213 -0.160000 0.426518
-0.034894 0.011915 -0.160000 0.440098
-0.034894 0.013617 -0.160000 0.453187
-0.034894 0.015319 -0.160000 0.465750
-0.034894 0.017021 -0.160000 0.477747
-0.034894 0.018723 -0.160000 0.489140
-0.034894 0.020426 -0.160000 0.499887
-0.034894 0.022128 -0.160000 0.509945
-0.034894 0.023830 -0.160000 0.519271
-0.034894 0.025532 -0.160000 0.527823
-0.034894 0.027234 -0.160000 0.535556
-0.034894 0.028936 -0.160000 0.542430
-0.034894 0.030638 -0.160000 0.548405
-0.034894 0.032340 -0.160000 0.553445
-0.034894 0.034043 -0.160000 0.557518
-0.034894 0.035745 -0.160000 0.560598
-0.034894 0.037447 -0.160000 0.562664
-0.034894 0.039149 -0.160000 0.563700
-0.034894 0.040851 -0.160000 0.563700
-0.034894 0.042553 -0.160000 0.562664
-0.034894 0.044255 -0.160000 0.560598
-0.034894 0.045957 -0.160000 0.557518
-0.034894 0.047660 -0.160000 0.553445
-0.034894 0.049362 -0.160000 0.548405
-0.034894 0.051064 -0.160000 0.542430
-0.034894 0.052766 -0.160000 0.535556
-0.034894 0.054468 -0.160000 0.527823
-0.034894 0.056170 -0.160000 0.519271
-0.034894 0.057872 -0.160000 0.509945
-0.034894 0.059574 -0.160000 0.499887
-0.034894 0.061277 -0.160000 0.489140
-0.034894 0.062979 -0.160000 0.477747
-0.034894 0.064681 -0.160000 0.465750
-0.034894 0.066383 -0.160000 0.453187
-0.034894 0.068085 -0.160000 0.440098
-0.034894 0.069787 -0.160000 0.426518
-0.034894 0.071489 -0.160000 0.412481
-0.034894 0.073191 -0.160000 0.398019
-0.034894 0.074894 -0.160000 0.383162
-0.034894 0.076596 -0.160000 0.367938
-0.034894 0.078298 -0.160000 0.352373
-0.034894 0.080000 -0.160000 0.336491
-0.033191 0.000000 -0.160000 0.350280
-0.033191 0.001702 -0.160000 0.366507
-0.033191 0.003404 -0.160000 0.382429
-0.033191 0.005106 -0.160000 0.398019
-0.033191 0.006809 -0.160000 0.413252
-0.033191 0.008511 -0.160000 0.428099
-0.033191 0.010213 -0.160000 0.442529
-0.033191 0.011915 -0.160000 0.456509
-0.033191 0.013617 -0.160000 0.470003
-0.033191 0.015319 -0.160000 0.482974
-0.033191 0.017021 -0.160000 0.495381
-0.033191 0.018723 -0.160000 0.507181
-0.033191 0.020426 -0.160000 0.518331
-0.033191 0.022128 -0.160000 0.528782
-0.033191 0.023830 -0.160000 0.538489
-0.033191 0.025532 -0.160000 0.547403
-0.033191 0.027234 -0.160000 0.555477
-0.033191 0.028936 -0.160000 0.562664
-0.033191 0.030638 -0.160000 0.568919
-0.033191 0.032340 -0.160000 0.574202
-0.033191 0.034043 -0.160000 0.578476
-0.033191 0.035745 -0.160000 0.581711
-0.033191 0.037447 -0.160000 0.583881
-0.033191 0.039149 -0.160000 0.584970
-0.033191 0.040851 -0.160000 0.584970
-0.033191 0.042553 -0.160000 0.583881
-0.033191 0.044255 -0.160000 0.581711
-0.033191 0.045957 -0.160000 0.578476
-0.033191 0.047660 -0.160000 0.574202
-0.033191 0.049362 -0.160000 0.568919
-0.033191 0.051064 -0.160000 0.562664
-0.033191 0.052766 -0.160000 0.555477
-0.033191 0.054468 -0.160000 0.547403
-0.033191 0.056170 -0.160000 0.538489
-0.033191 0.057872 -0.160000 0.528782
-0.033191 0.059574 -0.160000 0.518331
-0.033191 0.061277 -0.160000 0.507181
-0.033191 0.062979 -0.160000 0.495381
-0.033191 0.064681 -0.160000 0.482974
-0.033191 0.066383 -0.160000 0.470003
-0.033191 0.068085 -0.160000 0.456509
-0.033191 0.069787 -0.160000 0.442529
-0.033191 0.071489 -0.160000 0.428099
-0.033191 0.073191 -0.160000 0.413252
-0.033191 0.074894 -0.160000 0.398019
-0.033191 0.076596 -0.160000 0.382429
-0.033191 0.078298 -0.160000 0.366507
-0.033191 0.080000 -0.160000 0.350280
-0.031489 0.000000 -0.160000 0.363655
-0.031489 0.001702 -0.160000 0.380234
-0.031489 0.003404 -0.160000 0.396517
-0.031489 0.005106 -0.160000 0.412481
-0.031489 0.006809 -0.160000 0.428099
-0.031489 0.008511 -0.160000 0.443341
-0.031489 0.010213 -0.160000 0.458177
-0.031489 0.011915 -0.160000 0.472572
-0.031489 0.013617 -0.160000 0.486489
-0.031489 0.015319 -0.160000 0.499887
-0.031489 0.017021 -0.160000 0.512724
-0.031489 0.018723 -0.160000 0.524955
-0.031489 0.020426 -0.160000 0.536531
-0.031489 0.022128 -0.160000 0.547403
-0.031489 0.023830 -0.160000 0.557518
-0.031489 0.025532 -0.160000 0.566824
-0.031489 0.027234 -0.160000 0.575267
-0.031489 0.028936 -0.160000 0.582794
-0.031489 0.030638 -0.160000 0.589356
-0.031489 0.032340 -0.160000 0.594906
-0.031489 0.034043 -0.160000 0.599401
-0.031489 0.035745 -0.160000 0.602805
-0.031489 0.037447 -0.160000 0.605091
-0.031489 0.039149 -0.160000 0.606239
-0.031489 0.040851 -0.160000 0.606239
-0.031489 0.042553 -0.160000 0.605091
-0.031489 0.044255 -0.160000 0.602805
-0.031489 0.045957 -0.160000 0.599401
-0.031489 0.047660 -0.160000 0.594906
-0.031489 0.049362 -0.160000 0.589356
-0.031489 0.051064 -0.160000 0.582794
-0.031489 0.052766 -0.160000 0.575267
-0.031489 0.054468 -0.160000 0.566824
-0.031489 0.056170 -0.160000 0.557518
-0.031489 0.057872 -0.160000 0.547403
-0.031489 0.059574 -0.160000 0.536531
-0.031489 0.061277 -0.160000 0.524955
-0.031489 0.062979 -0.160000 0.512724
-0.031489 0.064681 -0.160000 0.499887
-0.031489 0.066383 -0.160000 0.486489
-0.031489 0.068085 -0.160000 0.472572
-0.031489 0.069787 -0.160000 0.458177
-0.031489 0.071489 -0.160000 0.443341
-0.031489 0.073191 -0.160000 0.428099
-0.031489 0.074894 -0.160000 0.412481
-0.031489 0.076596 -0.160000 0.396517
-0.031489 0.078298 -0.160000 0.380234
-0.031489 0.080000 -0.160000 0.363655
-0.029787 0.000000 -0.160000 0.376592
-0.029787 0.001702 -0.160000 0.393524
-0.029787 0.003404 -0.160000 0.410174
-0.029787 0.005106 -0.160000 0.426518
-0.029787 0.006809 -0.160000 0.442529
-0.029787 0.008511 -0.160000 0.458177
-0.029787 0.010213 -0.160000 0.473431
-0.029787 0.011915 -0.160000 0.488255
-0.029787 0.013617 -0.160000 0.502610
-0.029787 0.015319 -0.160000 0.516455
-0.029787 0.017021 -0.160000 0.529744
-0.029787 0.018723 -0.160000 0.542430
-0.029787 0.020426 -0.160000 0.554460
-0.029787 0.022128 -0.160000 0.565780
-0.029787 0.023830 -0.160000 0.576334
-0.029787 0.025532 -0.160000 0.586062
-0.029787 0.027234 -0.160000 0.594906
-0.029787 0.028936 -0.160000 0.602805
-0.029787 0.030638 -0.160000 0.609703
-0.029787 0.032340 -0.160000 0.615547
-0.029787 0.034043 -0.160000 0.620286
-0.029787 0.035745 -0.160000 0.623879
-0.029787 0.037447 -0.160000 0.626294
-0.029787 0.039149 -0.160000 0.627508
-0.029787 0.040851 -0.160000 0.627508
-0.029787 0.042553 -0.160000 0.626294
-0.029787 0.044255 -0.160000 0.623879
-0.029787 0.045957 -0.160000 0.620286
-0.029787 0.047660 -0.160000 0.615547
-0.029787 0.049362 -0.160000 0.609703
-0.029787 0.051064 -0.160000 0.602805
-0.029787 0.052766 -0.160000 0.594906
-0.029787 0.054468 -0.160000 0.586062
-0.029787 0.056170 -0.160000 0.576334
-0.029787 0.057872 -0.160000 0.565780
-0.029787 0.059574 -0.160000 0.554460
-0.029787 0.061277 -0.160000 0.542430
-0.029787 0.062979 -0.160000 0.529744
-0.029787 0.064681 -0.160000 0.516455
-0.029787 0.066383 -0.160000 0.502610
-0.029787 0.068085 -0.160000 0.488255
-0.029787 0.069787 -0.160000 0.473431
-0.029787 0.071489 -0.160000 0.458177
-0.029787 0.073191 -0.160000 0.442529
-0.029787 0.074894 -0.160000 0.426518
-0.029787 0.076596 -0.160000 0.410174
-0.029787 0.078298 -0.160000 0.393524
-0.029787 0.080000 -0.160000 0.376592
-0.028085 0.000000 -0.160000 0.389062
-0.028085 0.001702 -0.160000 0.406349
-0.028085 0.003404 -0.160000 0.423369
-0.028085 0.005106 -0.160000 0.440098
-0.028085 0.006809 -0.160000 0.456509
-0.028085 0.008511 -0.160000 0.472572
-0.028085 0.010213 -0.160000 0.488255
-0.028085 0.011915 -0.160000 0.503521
-0.028085 0.013617 -0.160000 0.518331
-0.028085 0.015319 -0.160000 0.532641
-0.028085 0.017021 -0.160000 0.546404
-0.028085 0.018723 -0.160000 0.559569
-0.028085 0.020426 -0.160000 0.572081
-0.028085 0.022128 -0.160000 0.583881
-0.028085 0.023830 -0.160000 0.594906
-0.028085 0.025532 -0.160000 0.605091
-0.028085 0.027234 -0.160000 0.614371
-0.028085 0.028936 -0.160000 0.622678
-0.028085 0.030638 -0.160000 0.629946
-0.028085 0.032340 -0.160000 0.636114
-0.028085 0.034043 -0.160000 0.641125
-0.028085 0.035745 -0.160000 0.644929
-0.028085 0.037447 -0.160000 0.647488
-0.028085 0.039149 -0.160000 0.648775
-0.028085 0.040851 -0.160000 0.648775
-0.028085 0.042553 -0.160000 0.647488
-0.028085 0.044255 -0.160000 0.644929
-0.028085 0.045957 -0.160000 0.641125
-0.028085 0.047660 -0.160000 0.636114
-0.028085 0.049362 -0.160000 0.629946
-0.028085 0.051064 -0.160000 0.622678
-0.028085 0.052766 -0.160000 0.614371
-0.028085 0.054468 -0.160000 0.605091
-0.028085 0.056170 -0.160000 0.594906
-0.028085 0.057872 -0.160000 0.583881
-0.028085 0.059574 -0.160000 0.572081
-0.028085 0.061277 -0.160000 0.559569
-0.028085 0.062979 -0.160000 0.546404
-0.028085 0.064681 -0.160000 0.532641
-0.028085 0.066383 -0.160000 0.518331
-0.028085 0.068085 -0.160000 0.503521
-0.028085 0.069787 -0.160000 0.488255
-0.028085 0.071489 -0.160000 0.472572
-0.028085 0.073191 -0.160000 0.456509
-0.028085 0.074894 -0.160000 0.440098
-0.028085 0.076596 -0.160000 0.423369
-0.028085 0.078298 -0.160000 0.406349
-0.028085 0.080000 -0.160000 0.389062
-0.026383 0.000000 -0.160000 0.401035
-0.026383 0.001702 -0.160000 0.418678
-0.026383 0.003404 -0.160000 0.436070
-0.026383 0.005106 -0.160000 0.453187
-0.026383 0.006809 -0.160000 0.470003
-0.026383 0.008511 -0.160000 0.486489
-0.026383 0.010213 -0.160000 0.502610
-0.026383 0.011915 -0.160000 0.518331
-0.026383 0.013617 -0.160000 0.533610
-0.026383 0.015319 -0.160000 0.548405
-0.026383 0.017021 -0.160000 0.562664
-0.026383 0.018723 -0.160000 0.576334
-0.026383 0.020426 -0.160000 0.589356
-0.026383 0.022128 -0.160000 0.601667
-0.026383 0.023830 -0.160000 0.613199
-0.026383 0.025532 -0.160000 0.623879
-0.026383 0.027234 -0.160000 0.633635
-0.026383 0.028936 -0.160000 0.642389
-0.026383 0.030638 -0.160000 0.650066
-0.026383 0.032340 -0.160000 0.656595
-0.026383 0.034043 -0.160000 0.661910
-0.026383 0.035745 -0.160000 0.665951
-0.026383 0.037447 -0.160000 0.668672
-0.026383 0.039149 -0.160000 0.670041
-0.026383 0.040851 -0.160000 0.670041
-0.026383 0.042553 -0.160000 0.668672
-0.026383 0.044255 -0.160000 0.665951
-0.026383 0.045957 -0.160000 0.661910
-0.026383 0.047660 -0.160000 0.656595
-0.026383 0.049362 -0.160000 0.650066
-0.026383 0.051064 -0.160000 0.642389
-0.026383 0.052766 -0.160000 0.633635
-0.026383 0.054468 -0.160000 0.623879
-0.026383 0.056170 -0.160000 0.613199
-0.026383 0.057872 -0.160000 0.601667
-0.026383 0.059574 -0.160000 0.589356
-0.026383 0.061277 -0.160000 0.576334
-0.026383 0.062979 -0.160000 0.562664
-0.026383 0.064681 -0.160000 0.548405
-0.026383 0.066383 -0.160000 0.533610
-0.026383 0.068085 -0.160000 0.518331
-0.026383 0.069787 -0.160000 0.502610
-0.026383 0.071489 -0.160000 0.486489
-0.026383 0.073191 -0.160000 0.470003
-0.026383 0.074894 -0.160000 0.453187
-0.026383 0.076596 -0.160000 0.436070
-0.026383 0.078298 -0.160000 0.418678
-0.026383 0.080000 -0.160000 0.401035
-0.024681 0.000000 -0.160000 0.412481
-0.024681 0.001702 -0.160000 0.430478
-0.024681 0.003404 -0.160000 0.448242
-0.024681 0.005106 -0.160000 0.465750
-0.024681 0.006809 -0.160000 0.482974
-0.024681 0.008511 -0.160000 0.499887
-0.024681 0.010213 -0.160000 0.516455
-0.024681 0.011915 -0.160000 0.532641
-0.024681 0.013617 -0.160000 0.548405
-0.024681 0.015319 -0.160000 0.563700
-0.024681 0.017021 -0.160000 0.578476
-0.024681 0.018723 -0.160000 0.592677
-0.024681 0.020426 -0.160000 0.606239
-0.024681 0.022128 -0.160000 0.619095
-0.024681 0.023830 -0.160000 0.631172
-0.024681 0.025532 -0.160000 0.642389
-0.024681 0.027234 -0.160000 0.652663
-0.024681 0.028936 -0.160000 0.661910
-0.024681 0.030638 -0.160000 0.670041
-0.024681 0.032340 -0.160000 0.676974
-0.024681 0.034043 -0.160000 0.682629
-0.024681 0.035745 -0.160000 0.686937
-0.024681 0.037447 -0.160000 0.689843
-0.024681 0.039149 -0.160000 0.691306
-0.024681 0.040851 -0.160000 0.691306
-0.024681 0.042553 -0.160000 0.689843
-0.024681 0.044255 -0.160000 0.686937
-0.024681 0.045957 -0.160000 0.682629
-0.024681 0.047660 -0.160000 0.676974
-0.024681 0.049362 -0.160000 0.670041
-0.024681 0.051064 -0.160000 0.661910
-0.024681 0.052766 -0.160000 0.652663
-0.024681 0.054468 -0.160000 0.642389
-0.024681 0.056170 -0.160000 0.631172
-0.024681 0.057872 -0.160000 0.619095
-0.024681 0.059574 -0.160000 0.606239
-0.024681 0.061277 -0.160000 0.592677
-0.024681 0.062979 -0.160000 0.578476
-0.024681 0.064681 -0.160000 0.563700
-0.024681 0.066383 -0.160000 0.548405
-0.024681 0.068085 -0.160000 0.532641
-0.024681 0.069787 -0.160000 0.516455
-0.024681 0.071489 -0.160000 0.499887
-0.024681 0.073191 -0.160000 0.482974
-0.024681 0.074894 -0.160000 0.465750
-0.024681 0.076596 -0.160000 0.448242
-0.024681 0.078298 -0.160000 0.430478
-0.024681 0.080000 -0.160000 0.412481
-0.022979 0.000000 -0.160000 0.423369
-0.022979 0.001702 -0.160000 0.441717
-0.022979 0.003404 -0.160000 0.459851
-0.022979 0.005106 -0.160000 0.477747
-0.022979 0.006809 -0.160000 0.495381
-0.022979 0.008511 -0.160000 0.512724
-0.022979 0.010213 -0.160000 0.529744
-0.022979 0.011915 -0.160000 0.546404
-0.022979 0.013617 -0.160000 0.562664
-0.022979 0.015319 -0.160000 0.578476
-0.022979 0.017021 -0.160000 0.593790
-0.022979 0.018723 -0.160000 0.608545
-0.022979 0.020426 -0.160000 0.622678
-0.022979 0.022128 -0.160000 0.636114
-0.022979 0.023830 -0.160000 0.648775
-0.022979 0.025532 -0.160000 0.660573
-0.022979 0.027234 -0.160000 0.671416
-0.022979 0.028936 -0.160000 0.681206
-0.022979 0.030638 -0.160000 0.689843
-0.022979 0.032340 -0.160000 0.697229
-0.022979 0.034043 -0.160000 0.703270
-0.022979 0.035745 -0.160000 0.707882
-0.022979 0.037447 -0.160000 0.710998
-0.022979 0.039149 -0.160000 0.712569
-0.022979 0.040851 -0.160000 0.712569
-0.022979 0.042553 -0.160000 0.710998
-0.022979 0.044255 -0.160000 0.707882
-0.022979 0.045957 -0.160000 0.703270
-0.022979 0.047660 -0.160000 0.697229
-0.022979 0.049362 -0.160000 0.689843
-0.022979 0.051064 -0.160000 0.681206
-0.022979 0.052766 -0.160000 0.671416
-0.022979 0.054468 -0.160000 0.660573
-0.022979 0.056170 -0.160000 0.648775
-0.022979 0.057872 -0.160000 0.636114
-0.022979 0.059574 -0.160000 0.622678
-0.022979 0.061277 -0.160000 0.608545
-0.022979 0.062979 -0.160000 0.593790
-0.022979 0.064681 -0.160000 0.578476
-0.022979 0.066383 -0.160000 0.562664
-0.022979 0.068085 -0.160000 0.546404
-0.022979 0.069787 -0.160000 0.529744
-0.022979 0.071489 -0.160000 0.512724
-0.022979 0.073191 -0.160000 0.495381
-0.022979 0.074894 -0.160000 0.477747
-0.022979 0.076596 -0.160000 0.459851
-0.022979 0.078298 -0.160000 0.441717
-0.022979 0.080000 -0.160000 0.423369
-0.021277 0.000000 -0.160000 0.433667
-0.021277 0.001702 -0.160000 0.452360
-0.021277 0.003404 -0.160000 0.470858
-0.021277 0.005106 -0.160000 0.489140
-0.021277 0.006809 -0.160000 0.507181
-0.021277 0.008511 -0.160000 0.524955
-0.021277 0.010213 -0.160000 0.542430
-0.021277 0.011915 -0.160000 0.559569
-0.021277 0.013617 -0.160000 0.576334
-0.021277 0.015319 -0.160000 0.592677
-0.021277 0.017021 -0.160000 0.608545
-0.021277 0.018723 -0.160000 0.623879
-0.021277 0.020426 -0.160000 0.638611
-0.021277 0.022128 -0.160000 0.652663
-0.021277 0.023830 -0.160000 0.665951
-0.021277 0.025532 -0.160000 0.678378
-0.021277 0.027234 -0.160000 0.689843
-0.021277 0.028936 -0.160000 0.700234
-0.021277 0.030638 -0.160000 0.709436
-0.021277 0.032340 -0.160000 0.717333
-0.021277 0.034043 -0.160000 0.723814
-0.021277 0.035745 -0.160000 0.728776
-0.021277 0.037447 -0.160000 0.732135
-0.021277 0.039149 -0.160000 0.733830
-0.021277 0.040851 -0.160000 0.733830
-0.021277 0.042553 -0.160000 0.732135
-0.021277 0.044255 -0.160000 0.728776
-0.021277 0.045957 -0.160000 0.723814
-0.021277 0.047660 -0.160000 0.717333
-0.021277 0.049362 -0.160000 0.709436
-0.021277 0.051064 -0.160000 0.700234
-0.021277 0.052766 -0.160000 0.689843
-0.021277 0.054468 -0.160000 0.678378
-0.021277 0.056170 -0.160000 0.665951
-0.021277 0.057872 -0.160000 0.652663
-0.021277 0.059574 -0.160000 0.638611
-0.021277 0.061277 -0.160000 0.623879
-0.021277 0.062979 -0.160000 0.608545
-0.021277 0.064681 -0.160000 0.592677
-0.021277 0.066383 -0.160000 0.576334
-0.021277 0.068085 -0.160000 0.559569
-0.021277 0.069787 -0.160000 0.542430
-0.021277 0.071489 -0.160000 0.524955
-0.021277 0.073191 -0.160000 0.507181
-0.021277 0.074894 -0.160000 0.489140
-0.021277 0.076596 -0.160000 0.470858
-0.021277 0.078298 -0.160000 0.452360
-0.021277 0.080000 -0.160000 0.433667
-0.019574 0.000000 -0.160000 0.443341
-0.019574 0.001702 -0.160000 0.462371
-0.019574 0.003404 -0.160000 0.481226
-0.019574 0.005106 -0.160000 0.499887
-0.019574 0.006809 -0.160000 0.518331
-0.019574 0.008511 -0.160000 0.536531
-0.019574 0.010213 -0.160000 0.554460
-0.019574 0.011915 -0.160000 0.572081
-0.019574 0.013617 -0.160000 0.589356
-0.019574 0.015319 -0.160000 0.606239
-0.019574 0.017021 -0.160000 0.622678
-0.019574 0.018723 -0.160000 0.638611
-0.019574 0.020426 -0.160000 0.653969
-0.019574 0.022128 -0.160000 0.668672
-0.019574 0.023830 -0.160000 0.682629
-0.019574 0.025532 -0.160000 0.695737
-0.019574 0.027234 -0.160000 0.707882
-0.019574 0.028936 -0.160000 0.718939
-0.019574 0.030638 -0.160000 0.728776
-0.019574 0.032340 -0.160000 0.737253
-0.019574 0.034043 -0.160000 0.744238
-0.019574 0.035745 -0.160000 0.749604
-0.019574 0.037447 -0.160000 0.753247
-0.019574 0.039149 -0.160000 0.755088
-0.019574 0.040851 -0.160000 0.755088
-0.019574 0.042553 -0.160000 0.753247
-0.019574 0.044255 -0.160000 0.749604
-0.019574 0.045957 -0.160000 0.744238
-0.019574 0.047660 -0.160000 0.737253
-0.019574 0.049362 -0.160000 0.728776
-0.019574 0.051064 -0.160000 0.718939
-0.019574 0.052766 -0.160000 0.707882
-0.019574 0.054468 -0.160000 0.695737
-0.019574 0.056170 -0.160000 0.682629
-0.019574 0.057872 -0.160000 0.668672
-0.019574 0.059574 -0.160000 0.653969
-0.019574 0.061277 -0.160000 0.638611
-0.019574 0.062979 -0.160000 0.622678
-0.019574 0.064681 -0.160000 0.606239
-0.019574 0.066383 -0.160000 0.589356
-0.019574 0.068085 -0.160000 0.572081
-0.019574 0.069787 -0.160000 0.554460
-0.019574 0.071489 -0.160000 0.536531
-0.019574 0.073191 -0.160000 0.518331
-0.019574 0.074894 -0.160000 0.499887
-0.019574 0.076596 -0.160000 0.481226
-0.019574 0.078298 -0.160000 0.462371
-0.019574 0.080000 -0.160000 0.443341
-0.017872 0.000000 -0.160000 0.452360
-0.017872 0.001702 -0.160000 0.471715
-0.017872 0.003404 -0.160000 0.490915
-0.017872 0.005106 -0.160000 0.509945
-0.017872 0.006809 -0.160000 0.528782
-0.017872 0.008511 -0.160000 0.547403
-0.017872 0.010213 -0.160000 0.565780
-0.017872 0.011915 -0.160000 0.583881
-0.017872 0.013617 -0.160000 0.601667
-0.017872 0.015319 -0.160000 0.619095
-0.017872 0.017021 -0.160000 0.636114
-0.017872 0.018723 -0.160000 0.652663
-0.017872 0.020426 -0.160000 0.668672
-0.017872 0.022128 -0.160000 0.684059
-0.017872 0.023830 -0.160000 0.698728
-0.017872 0.025532 -0.160000 0.712569
-0.017872 0.027234 -0.160000 0.725458
-0.017872 0.028936 -0.160000 0.737253
-0.017872 0.030638 -0.160000 0.747803
-0.017872 0.032340 -0.160000 0.756943
-0.017872 0.034043 -0.160000 0.764511
-0.017872 0.035745 -0.160000 0.770351
-0.017872 0.037447 -0.160000 0.774328
-0.017872 0.039149 -0.160000 0.776343
-0.017872 0.040851 -0.160000 0.776343
-0.017872 0.042553 -0.160000 0.774328
-0.017872 0.044255 -0.160000 0.770351
-0.017872 0.045957 -0.160000 0.764511
-0.017872 0.047660 -0.160000 0.756943
-0.017872 0.049362 -0.160000 0.747803
-0.017872 0.051064 -0.160000 0.737253
-0.017872 0.052766 -0.160000 0.725458
-0.017872 0.054468 -0.160000 0.712569
-0.017872 0.056170 -0.160000 0.698728
-0.017872 0.057872 -0.160000 0.684059
-0.017872 0.059574 -0.160000 0.668672
-0.017872 0.061277 -0.160000 0.652663
-0.017872 0.062979 -0.160000 0.636114
-0.017872 0.064681 -0.160000 0.619095
-0.017872 0.066383 -0.160000 0.601667
-0.017872 0.068085 -0.160000 0.583881
-0.017872 0.069787 -0.160000 0.565780
-0.017872 0.071489 -0.160000 0.547403
-0.017872 0.073191 -0.160000 0.528782
-0.017872 0.074894 -0.160000 0.509945
-0.017872 0.076596 -0.160000 0.490915
-0.017872 0.078298 -0.160000 0.471715
-0.017872 0.080000 -0.160000 0.452360
-0.016170 0.000000 -0.160000 0.460690
-0.016170 0.001702 -0.160000 0.480354
-0.016170 0.003404 -0.160000 0.499887
-0.016170 0.005106 -0.160000 0.519271
-0.016170 0.006809 -0.160000 0.538489
-0.016170 0.008511 -0.160000 0.557518
-0.016170 0.010213 -0.160000 0.576334
-0.016170 0.011915 -0.160000 0.594906
-0.016170 0.013617 -0.160000 0.613199
-0.016170 0.015319 -0.160000 0.631172
-0.016170 0.017021 -0.160000 0.648775
-0.016170 0.018723 -0.160000 0.665951
-0.016170 0.020426 -0.160000 0.682629
-0.016170 0.022128 -0.160000 0.698728
-0.016170 0.023830 -0.160000 0.714148
-0.016170 0.025532 -0.160000 0.728776
-0.016170 0.027234 -0.160000 0.742474
-0.016170 0.028936 -0.160000 0.755088
-0.016170 0.030638 -0.160000 0.766442
-0.016170 0.032340 -0.160000 0.776343
-0.016170 0.034043 -0.160000 0.784591
-0.016170 0.035745 -0.160000 0.790991
-0.016170 0.037447 -0.160000 0.795368
-0.016170 0.039149 -0.160000 0.797593
-0.016170 0.040851 -0.160000 0.797593
-0.016170 0.042553 -0.160000 0.795368
-0.016170 0.044255 -0.160000 0.790991
-0.016170 0.045957 -0.160000 0.784591
-0.016170 0.047660 -0.160000 0.776343
-0.016170 0.049362 -0.160000 0.766442
-0.016170 0.051064 -0.160000 0.755088
-0.016170 0.052766 -0.160000 0.742474
-0.016170 0.054468 -0.160000 0.728776
-0.016170 0.056170 -0.160000 0.714148
-0.016170 0.057872 -0.160000 0.698728
-0.016170 0.059574 -0.160000 0.682629
-0.016170 0.061277 -0.160000 0.665951
-0.016170 0.062979 -0.160000 0.648775
-0.016170 0.064681 -0.160000 0.631172
-0.016170 0.066383 -0.160000 0.613199
-0.016170 0.068085 -0.160000 0.594906
-0.016170 0.069787 -0.160000 0.576334
-0.016170 0.071489 -0.160000 0.557518
-0.016170 0.073191 -0.160000 0.538489
-0.016170 0.074894 -0.160000 0.519271
-0.016170 0.076596 -0.160000 0.499887
-0.016170 0.078298 -0.160000 0.480354
-0.016170 0.080000 -0.160000 0.460690
-0.014468 0.000000 -0.160000 0.468298
-0.014468 0.001702 -0.160000 0.488255
-0.014468 0.003404 -0.160000 0.508101
-0.014468 0.005106 -0.160000 0.527823
-0.014468 0.006809 -0.160000 0.547403
-0.014468 0.008511 -0.160000 0.566824
-0.014468 0.010213 -0.160000 0.586062
-0.014468 0.011915 -0.160000 0.605091
-0.014468 0.013617 -0.160000 0.623879
-0.014468 0.015319 -0.160000 0.642389
-0.014468 0.017021 -0.160000 0.660573
-0.014468 0.018723 -0.160000 0.678378
-0.014468 0.020426 -0.160000 0.695737
-0.014468 0.022128 -0.160000 0.712569
-0.014468 0.023830 -0.160000 0.728776
-0.014468 0.025532 -0.160000 0.744238
-0.014468 0.027234 -0.160000 0.758813
-0.014468 0.028936 -0.160000 0.772330
-0.014468 0.030638 -0.160000 0.784591
-0.014468 0.032340 -0.160000 0.795368
-0.014468 0.034043 -0.160000 0.804417
-0.014468 0.035745 -0.160000 0.811489
-0.014468 0.037447 -0.160000 0.816355
-0.014468 0.039149 -0.160000 0.818836
-0.014468 0.040851 -0.160000 0.818836
-0.014468 0.042553 -0.160000 0.816355
-0.014468 0.044255 -0.160000 0.811489
-0.014468 0.045957 -0.160000 0.804417
-0.014468 0.047660 -0.160000 0.795368
-0.014468 0.049362 -0.160000 0.784591
-0.014468 0.051064 -0.160000 0.772330
-0.014468 0.052766 -0.160000 0.758813
-0.014468 0.054468 -0.160000 0.744238
-0.014468 0.056170 -0.160000 0.728776
-0.014468 0.057872 -0.160000 0.712569
-0.014468 0.059574 -0.160000 0.695737
-0.014468 0.061277 -0.160000 0.678378
-0.014468 0.062979 -0.160000 0.660573
-0.014468 0.064681 -0.160000 0.642389
-0.014468 0.066383 -0.160000 0.623879
-0.014468 0.068085 -0.160000 0.605091
-0.014468 0.069787 -0.160000 0.586062
-0.014468 0.071489 -0.160000 0.566824
-0.014468 0.073191 -0.160000 0.547403
-0.014468 0.074894 -0.160000 0.527823
-0.014468 0.076596 -0.160000 0.508101
-0.014468 0.078298 -0.160000 0.488255
-0.014468 0.080000 -0.160000 0.468298
-0.012766 0.000000 -0.160000 0.475153
-0.012766 0.001702 -0.160000 0.495381
-0.012766 0.003404 -0.160000 0.515519
-0.012766 0.005106 -0.160000 0.535556
-0.012766 0.006809 -0.160000 0.555477
-0.012766 0.008511 -0.160000 0.575267
-0.012766 0.010213 -0.160000 0.594906
-0.012766 0.011915 -0.160000 0.614371
-0.012766 0.013617 -0.160000 0.633635
-0.012766 0.015319 -0.160000 0.652663
-0.012766 0.017021 -0.160000 0.671416
-0.012766 0.018723 -0.160000 0.689843
-0.012766 0.020426 -0.160000 0.707882
-0.012766 0.022128 -0.160000 0.725458
-0.012766 0.023830 -0.160000 0.742474
-0.012766 0.025532 -0.160000 0.758813
-0.012766 0.027234 -0.160000 0.774328
-0.012766 0.028936 -0.160000 0.788836
-0.012766 0.030638 -0.160000 0.802116
-0.012766 0.032340 -0.160000 0.813906
-0.012766 0.034043 -0.160000 0.823905
-0.012766 0.035745 -0.160000 0.831794
-0.012766 0.037447 -0.160000 0.837265
-0.012766 0.039149 -0.160000 0.840071
-0.012766 0.040851 -0.160000 0.840071
-0.012766 0.042553 -0.160000 0.837265
-0.012766 0.044255 -0.160000 0.831794
-0.012766 0.045957 -0.160000 0.823905
-0.012766 0.047660 -0.160000 0.813906
-0.012766 0.049362 -0.160000 0.802116
-0.012766 0.051064 -0.160000 0.788836
-0.012766 0.052766 -0.160000 0.774328
-0.012766 0.054468 -0.160000 0.758813
-0.012766 0.056170 -0.160000 0.742474
-0.012766 0.057872 -0.160000 0.725458
-0.012766 0.059574 -0.160000 0.707882
-0.012766 0.061277 -0.160000 0.689843
-0.012766 0.062979 -0.160000 0.671416
-0.012766 0.064681 -0.160000 0.652663
-0.012766 0.066383 -0.160000 0.633635
-0.012766 0.068085 -0.160000 0.614371
-0.012766 0.069787 -0.160000 0.594906
-0.012766 0.071489 -0.160000 0.575267
-0.012766 0.073191 -0.160000 0.555477
-0.012766 0.074894 -0.160000 0.535556
-0.012766 0.076596 -0.160000 0.515519
-0.012766 0.078298 -0.160000 0.495381
-0.012766 0.080000 -0.160000 0.475153
-0.011064 0.000000 -0.160000 0.481226
-0.011064 0.001702 -0.160000 0.501700
-0.011064 0.003404 -0.160000 0.522105
-0.011064 0.005106 -0.160000 0.542430
-0.011064 0.006809 -0.160000 0.562664
-0.011064 0.008511 -0.160000 0.582794
-0.011064 0.010213 -0.160000 0.602805
-0.011064 0.011915 -0.160000 0.622678
-0.011064 0.013617 -0.160000 0.642389
-0.011064 0.015319 -0.160000 0.661910
-0.011064 0.017021 -0.160000 0.681206
-0.011064 0.018723 -0.160000 0.700234
-0.011064 0.020426 -0.160000 0.718939
-0.011064 0.022128 -0.160000 0.737253
-0.011064 0.023830 -0.160000 0.755088
-0.011064 0.025532 -0.160000 0.772330
-0.011064 0.027234 -0.160000 0.788836
-0.011064 0.028936 -0.160000 0.804417
-0.011064 0.030638 -0.160000 0.818836
-0.011064 0.032340 -0.160000 0.831794
-0.011064 0.034043 -0.160000 0.842927
-0.011064 0.035745 -0.160000 0.851826
-0.011064 0.037447 -0.160000 0.858067
-0.011064 0.039149 -0.160000 0.861294
-0.011064 0.040851 -0.160000 0.861294
-0.011064 0.042553 -0.160000 0.858067
-0.011064 0.044255 -0.160000 0.851826
-0.011064 0.045957 -0.160000 0.842927
-0.011064 0.047660 -0.160000 0.831794
-0.011064 0.049362 -0.160000 0.818836
-0.011064 0.051064 -0.160000 0.804417
-0.011064 0.052766 -0.160000 0.788836
-0.011064 0.054468 -0.160000 0.772330
-0.011064 0.056170 -0.160000 0.755088
-0.011064 0.057872 -0.160000 0.737253
-0.011064 0.059574 -0.160000 0.718939
-0.011064 0.061277 -0.160000 0.700234
-0.011064 0.062979 -0.160000 0.681206
-0.011064 0.064681 -0.160000 0.661910
-0.011064 0.066383 -0.160000 0.642389
-0.011064 0.068085 -0.160000 0.622678
-0.011064 0.069787 -0.160000 0.602805
-0.011064 0.071489 -0.160000 0.582794
-0.011064 0.073191 -0.160000 0.562664
-0.011064 0.074894 -0.160000 0.542430
-0.011064 0.076596 -0.160000 0.522105
-0.011064 0.078298 -0.160000 0.501700
-0.011064 0.080000 -0.160000 0.481226
-0.009362 0.000000 -0.160000 0.486489
-0.009362 0.001702 -0.160000 0.507181
-0.009362 0.003404 -0.160000 0.527823
-0.009362 0.005106 -0.160000 0.548405
-0.009362 0.006809 -0.160000 0.568919
-0.009362 0.008511 -0.160000 0.589356
-0.009362 0.010213 -0.160000 0.609703
-0.009362 0.011915 -0.160000 0.629946
-0.009362 0.013617 -0.160000 0.650066
-0.009362 0.015319 -0.160000 0.670041
-0.009362 0.017021 -0.160000 0.689843
-0.009362 0.018723 -0.160000 0.709436
-0.009362 0.020426 -0.160000 0.728776
-0.009362 0.022128 -0.160000 0.747803
-0.009362 0.023830 -0.160000 0.766442
-0.009362 0.025532 -0.160000 0.784591
-0.009362 0.027234 -0.160000 0.802116
-0.009362 0.028936 -0.160000 0.818836
-0.009362 0.030638 -0.160000 0.834507
-0.009362 0.032340 -0.160000 0.848801
-0.009362 0.034043 -0.160000 0.861294
-0.009362 0.035745 -0.160000 0.871457
-0.009362 0.037447 -0.160000 0.878705
-0.009362 0.039149 -0.160000 0.882496
-0.009362 0.040851 -0.160000 0.882496
-0.009362 0.042553 -0.160000 0.878705
-0.009362 0.044255 -0.160000 0.871457
-0.009362 0.045957 -0.160000 0.861294
-0.009362 0.047660 -0.160000 0.848801
-0.009362 0.049362 -0.160000 0.834507
-0.009362 0.051064 -0.160000 0.818836
-0.009362 0.052766 -0.160000 0.802116
-0.009362 0.054468 -0.160000 0.784591
-0.009362 0.056170 -0.160000 0.766442
-0.009362 0.057872 -0.160000 0.747803
-0.009362 0.059574 -0.160000 0.728776
-0.009362 0.061277 -0.160000 0.709436
-0.009362 0.062979 -0.160000 0.689843
-0.009362 0.064681 -0.160000 0.670041
-0.009362 0.066383 -0.160000 0.650066
-0.009362 0.068085 -0.160000 0.629946
-0.009362 0.069787 -0.160000 0.609703
-0.009362 0.071489 -0.160000 0.589356
-0.009362 0.073191 -0.160000 0.568919
-0.009362 0.074894 -0.160000 0.548405
-0.009362 0.076596 -0.160000 0.527823
-0.009362 0.078298 -0.160000 0.507181
-0.009362 0.080000 -0.160000 0.486489
-0.007660 0.000000 -0.160000 0.490915
-0.007660 0.001702 -0.160000 0.511796
-0.007660 0.003404 -0.160000 0.532641
-0.007660 0.005106 -0.160000 0.553445
-0.007660 0.006809 -0.160000 0.574202
-0.007660 0.008511 -0.160000 0.594906
-0.007660 0.010213 -0.160000 0.615547
-0.007660 0.011915 -0.160000 0.636114
-0.007660 0.013617 -0.160000 0.656595
-0.007660 0.015319 -0.160000 0.676974
-0.007660 0.017021 -0.160000 0.697229
-0.007660 0.018723 -0.160000 0.717333
-0.007660 0.020426 -0.160000 0.737253
-0.007660 0.022128 -0.160000 0.756943
-0.007660 0.023830 -0.160000 0.776343
-0.007660 0.025532 -0.160000 0.795368
-0.007660 0.027234 -0.160000 0.813906
-0.007660 0.028936 -0.160000 0.831794
-0.007660 0.030638 -0.160000 0.848801
-0.007660 0.032340 -0.160000 0.864597
-0.007660 0.034043 -0.160000 0.878705
-0.007660 0.035745 -0.160000 0.890472
-0.007660 0.037447 -0.160000 0.899076
-0.007660 0.039149 -0.160000 0.903666
-0.007660 0.040851 -0.160000 0.903666
-0.007660 0.042553 -0.160000 0.899076
-0.007660 0.044255 -0.160000 0.890472
-0.007660 0.045957 -0.160000 0.878705
-0.007660 0.047660 -0.160000 0.864597
-0.007660 0.049362 -0.160000 0.848801
-0.007660 0.051064 -0.160000 0.831794
-0.007660 0.052766 -0.160000 0.813906
-0.007660 0.054468 -0.160000 0.795368
-0.007660 0.056170 -0.160000 0.776343
-0.007660 0.057872 -0.160000 0.756943
-0.007660 0.059574 -0.160000 0.737253
-0.007660 0.061277 -0.160000 0.717333
-0.007660 0.062979 -0.160000 0.697229
-0.007660 0.064681 -0.160000 0.676974
-0.007660 0.066383 -0.160000 0.656595
-0.007660 0.068085 -0.160000 0.636114
-0.007660 0.069787 -0.160000 0.615547
-0.007660 0.071489 -0.160000 0.594906
-0.007660 0.073191 -0.160000 0.574202
-0.007660 0.074894 -0.160000 0.553445
-0.007660 0.076596 -0.160000 0.532641
-0.007660 0.078298 -0.160000 0.511796
-0.007660 0.080000 -0.160000 0.490915
-0.005957 0.000000 -0.160000 0.494485
-0.005957 0.001702 -0.160000 0.515519
-0.005957 0.003404 -0.160000 0.536531
-0.005957 0.005106 -0.160000 0.557518
-0.005957 0.006809 -0.160000 0.578476
-0.005957 0.008511 -0.160000 0.599401
-0.005957 0.010213 -0.160000 0.620286
-0.005957 0.011915 -0.160000 0.641125
-0.005957 0.013617 -0.160000 0.661910
-0.005957 0.015319 -0.160000 0.682629
-0.005957 0.017021 -0.160000 0.703270
-0.005957 0.018723 -0.160000 0.723814
-0.005957 0.020426 -0.160000 0.744238
-0.005957 0.022128 -0.160000 0.764511
-0.005957 0.023830 -0.160000 0.784591
-0.005957 0.025532 -0.160000 0.804417
-0.005957 0.027234 -0.160000 0.823905
-0.005957 0.028936 -0.160000 0.842927
-0.005957 0.030638 -0.160000 0.861294
-0.005957 0.032340 -0.160000 0.878705
-0.005957 0.034043 -0.160000 0.894686
-0.005957 0.035745 -0.160000 0.908486
-0.005957 0.037447 -0.160000 0.918981
-0.005957 0.039149 -0.160000 0.924776
-0.005957 0.040851 -0.160000 0.924776
-0.005957 0.042553 -0.160000 0.918981
-0.005957 0.044255 -0.160000 0.908486
-0.005957 0.045957 -0.160000 0.894686
-0.005957 0.047660 -0.160000 0.878705
-0.005957 0.049362 -0.160000 0.861294
-0.005957 0.051064 -0.160000 0.842927
-0.005957 0.052766 -0.160000 0.823905
-0.005957 0.054468 -0.160000 0.804417
-0.005957 0.056170 -0.160000 0.784591
-0.005957 0.057872 -0.160000 0.764511
-0.005957 0.059574 -0.160000 0.744238
-0.005957 0.061277 -0.160000 0.723814
-0.005957 0.062979 -0.160000 0.703270
-0.005957 0.064681 -0.160000 0.682629
-0.005957 0.066383 -0.160000 0.661910
-0.005957 0.068085 -0.160000 0.641125
-0.005957 0.069787 -0.160000 0.620286
-0.005957 0.071489 -0.160000 0.599401
-0.005957 0.073191 -0.160000 0.578476
-0.005957 0.074894 -0.160000 0.557518
-0.005957 0.076596 -0.160000 0.536531
-0.005957 0.078298 -0.160000 0.515519
-0.005957 0.080000 -0.160000 0.494485
-0.004255 0.000000 -0.160000 0.497179
-0.004255 0.001702 -0.160000 0.518331
-0.004255 0.003404 -0.160000 0.539471
-0.004255 0.005106 -0.160000 0.560598
-0.004255 0.006809 -0.160000 0.581711
-0.004255 0.008511 -0.160000 0.602805
-0.004255 0.010213 -0.160000 0.623879
-0.004255 0.011915 -0.160000 0.644929
-0.004255 0.013617 -0.160000 0.665951
-0.004255 0.015319 -0.160000 0.686937
-0.004255 0.017021 -0.160000 0.707882
-0.004255 0.018723 -0.160000 0.728776
-0.004255 0.020426 -0.160000 0.749604
-0.004255 0.022128 -0.160000 0.770351
-0.004255 0.023830 -0.160000 0.790991
-0.004255 0.025532 -0.160000 0.811489
-0.004255 0.027234 -0.160000 0.831794
-0.004255 0.028936 -0.160000 0.851826
-0.004255 0.030638 -0.160000 0.871457
-0.004255 0.032340 -0.160000 0.890472
-0.004255 0.034043 -0.160000 0.908486
-0.004255 0.035745 -0.160000 0.924776
-0.004255 0.037447 -0.160000 0.937969
-0.004255 0.039149 -0.160000 0.945755
-0.004255 0.040851 -0.160000 0.945755
-0.004255 0.042553 -0.160000 0.937969
-0.004255 0.044255 -0.160000 0.924776
-0.004255 0.045957 -0.160000 0.908486
-0.004255 0.047660 -0.160000 0.890472
-0.004255 0.049362 -0.160000 0.871457
-0.004255 0.051064 -0.160000 0.851826
-0.004255 0.052766 -0.160000 0.831794
-0.004255 0.054468 -0.160000 0.811489
-0.004255 0.056170 -0.160000 0.790991
-0.004255 0.057872 -0.160000 0.770351
-0.004255 0.059574 -0.160000 0.749604
-0.004255 0.061277 -0.160000 0.728776
-0.004255 0.062979 -0.160000 0.707882
-0.004255 0.064681 -0.160000 0.686937
-0.004255 0.066383 -0.160000 0.665951
-0.004255 0.068085 -0.160000 0.644929
-0.004255 0.069787 -0.160000 0.623879
-0.004255 0.071489 -0.160000 0.602805
-0.004255 0.073191 -0.160000 0.581711
-0.004255 0.074894 -0.160000 0.560598
-0.004255 0.076596 -0.160000 0.539471
-0.004255 0.078298 -0.160000 0.518331
-0.004255 0.080000 -0.160000 0.497179
-0.002553 0.000000 -0.160000 0.498982
-0.002553 0.001702 -0.160000 0.520214
-0.002553 0.003404 -0.160000 0.541441
-0.002553 0.005106 -0.160000 0.562664
-0.002553 0.006809 -0.160000 0.583881
-0.002553 0.008511 -0.160000 0.605091
-0.002553 0.010213 -0.160000 0.626294
-0.002553 0.011915 -0.160000 0.647488
-0.002553 0.013617 -0.160000 0.668672
-0.002553 0.015319 -0.160000 0.689843
-0.002553 0.017021 -0.160000 0.710998
-0.002553 0.018723 -0.160000 0.732135
-0.002553 0.020426 -0.160000 0.753247
-0.002553 0.022128 -0.160000 0.774328
-0.002553 0.023830 -0.160000 0.795368
-0.002553 0.025532 -0.160000 0.816355
-0.002553 0.027234 -0.160000 0.837265
-0.002553 0.028936 -0.160000 0.858067
-0.002553 0.030638 -0.160000 0.878705
-0.002553 0.032340 -0.160000 0.899076
-0.002553 0.034043 -0.160000 0.918981
-0.002553 0.035745 -0.160000 0.937969
-0.002553 0.037447 -0.160000 0.954866
-0.002553 0.039149 -0.160000 0.966359
-0.002553 0.040851 -0.160000 0.966359
-0.002553 0.042553 -0.160000 0.954866
-0.002553 0.044255 -0.160000 0.937969
-0.002553 0.045957 -0.160000 0.918981
-0.002553 0.047660 -0.160000 0.899076
-0.002553 0.049362 -0.160000 0.878705
-0.002553 0.051064 -0.160000 0.858067
-0.002553 0.052766 -0.160000 0.837265
-0.002553 0.054468 -0.160000 0.816355
-0.002553 0.056170 -0.160000 0.795368
-0.002553 0.057872 -0.160000 0.774328
-0.002553 0.059574 -0.160000 0.753247
-0.002553 0.061277 -0.160000 0.732135
-0.002553 0.062979 -0.160000 0.710998
-0.002553 0.064681 -0.160000 0.689843
-0.002553 0.066383 -0.160000 0.668672
-0.002553 0.068085 -0.160000 0.647488
-0.002553 0.069787 -0.160000 0.626294
-0.002553 0.071489 -0.160000 0.605091
-0.002553 0.073191 -0.160000 0.583881
-0.002553 0.074894 -0.160000 0.562664
-0.002553 0.076596 -0.160000 0.541441
-0.002553 0.078298 -0.160000 0.520214
-0.002553 0.080000 -0.160000 0.498982
-0.000851 0.000000 -0.160000 0.499887
-0.000851 0.001702 -0.160000 0.521158
-0.000851 0.003404 -0.160000 0.542430
-0.000851 0.005106 -0.160000 0.563700
-0.000851 0.006809 -0.160000 0.584970
-0.000851 0.008511 -0.160000 0.606239
-0.000851 0.010213 -0.160000 0.627508
-0.000851 0.011915 -0.160000 0.648775
-0.000851 0.013617 -0.160000 0.670041
-0.000851 0.015319 -0.160000 0.691306
-0.000851 0.017021 -0.160000 0.712569
-0.000851 0.018723 -0.160000 0.733830
-0.000851 0.020426 -0.160000 0.755088
-0.000851 0.022128 -0.160000 0.776343
-0.000851 0.023830 -0.160000 0.797593
-0.000851 0.025532 -0.160000 0.818836
-0.000851 0.027234 -0.160000 0.840071
-0.000851 0.028936 -0.160000 0.861294
-0.000851 0.030638 -0.160000 0.882496
-0.000851 0.032340 -0.160000 0.903666
-0.000851 0.034043 -0.160000 0.924776
-0.000851 0.035745 -0.160000 0.945755
-0.000851 0.037447 -0.160000 0.966359
-0.000851 0.039149 -0.160000 0.984955
-0.000851 0.040851 -0.160000 0.984955
-0.000851 0.042553 -0.160000 0.966359
-0.000851 0.044255 -0.160000 0.945755
-0.000851 0.045957 -0.160000 0.924776
-0.000851 0.047660 -0.160000 0.903666
-0.000851 0.049362 -0.160000 0.882496
-0.000851 0.051064 -0.160000 0.861294
-0.000851 0.052766 -0.160000 0.840071
-0.000851 0.054468 -0.160000 0.818836
-0.000851 0.056170 -0.160000 0.797593
-0.000851 0.057872 -0.160000 0.776343
-0.000851 0.059574 -0.160000 0.755088
-0.000851 0.061277 -0.160000 0.733830
-0.000851 0.062979 -0.160000 0.712569
-0.000851 0.064681 -0.160000 0.691306
-0.000851 0.066383 -0.160000 0.670041
-0.000851 0.068085 -0.160000 0.648775
-0.000851 0.069787 -0.160000 0.627508
-0.000851 0.071489 -0.160000 0.606239
-0.000851 0.073191 -0.160000 0.584970
-0.000851 0.074894 -0.160000 0.563700
-0.000851 0.076596 -0.160000 0.542430
-0.000851 0.078298 -0.160000 0.521158
-0.000851 0.080000 -0.160000 0.499887
0.000851 0.000000 -0.160000 0.499887
0.000851 0.001702 -0.160000 0.521158
0.000851 0.003404 -0.160000 0.542430
0.000851 0.005106 -0.160000 0.563700
0.000851 0.006809 -0.160000 0.584970
0.000851 0.008511 -0.160000 0.606239
0.000851 0.010213 -0.160000 0.627508
0.000851 0.011915 -0.160000 0.648775
0.000851 0.013617 -0.160000 0.670041
0.000851 0.015319 -0.160000 0.691306
0.000851 0.017021 -0.160000 0.712569
0.000851 0.018723 -0.160000 0.733830
0.000851 0.020426 -0.160000 0.755088
0.000851 0.022128 -0.160000 0.776343
0.000851 0.023830 -0.160000 0.797593
0.000851 0.025532 -0.160000 0.818836
0.000851 0.027234 -0.160000 0.840071
0.000851 0.028936 -0.160000 0.861294
0.000851 0.030638 -0.160000 0.882496
0.000851 0.032340 -0.160000 0.903666
0.000851 0.034043 -0.160000 0.924776
0.000851 0.035745 -0.160000 0.945755
0.000851 0.037447 -0.160000 0.966359
0.000851 0.039149 -0.160000 0.984955
0.000851 0.040851 -0.160000 0.984955
0.000851 0.042553 -0.160000 0.966359
0.000851 0.044255 -0.160000 0.945755
0.000851 0.045957 -0.160000 0.924776
0.000851 0.047660 -0.160000 0.903666
0.000851 0.049362 -0.160000 0.882496
0.000851 0.051064 -0.160000 0.861294
0.000851 0.052766 -0.160000 0.840071
0.000851 0.054468 -0.160000 0.818836
0.000851 0.056170 -0.160000 0.797593
0.000851 0.057872 -0.160000 0.776343
0.000851 0.059574 -0.160000 0.755088
0.000851 0.061277 -0.160000 0.733830
0.000851 0.062979 -0.160000 0.712569
0.000851 0.064681 -0.160000 0.691306
0.000851 0.066383 -0.160000 0.670041
0.000851 0.068085 -0.160000 0.648775
0.000851 0.069787 -0.160000 0.627508
0.000851 0.071489 -0.160000 0.606239
0.000851 0.073191 -0.160000 0.584970
0.000851 0.074894 -0.160000 0.563700
0.000851 0.076596 -0.160000 0.542430
0.000851 0.078298 -0.160000 0.521158
0.000851 0.080000 -0.160000 0.499887
0.002553 0.000000 -0.160000 0.498982
0.002553 0.001702 -0.160000 0.520214
0.002553 0.003404 -0.160000 0.541441
0.002553 0.005106 -0.160000 0.562664
0.002553 0.006809 -0.160000 0.583881
0.002553 0.008511 -0.160000 0.605091
0.002553 0.010213 -0.160000 0.626294
0.002553 0.011915 -0.160000 0.647488
0.002553 0.013617 -0.160000 0.668672
0.002553 0.015319 -0.160000 0.689843
0.002553 0.017021 -0.160000 0.710998
0.002553 0.018723 -0.160000 0.732135
0.002553 0.020426 -0.160000 0.753247
0.002553 0.022128 -0.160000 0.774328
0.002553 0.023830 -0.160000 0.795368
0.002553 0.025532 -0.160000 0.816355
0.002553 0.027234 -0.160000 0.837265
0.002553 0.028936 -0.160000 0.858067
0.002553 0.030638 -0.160000 0.878705
0.002553 0.032340 -0.160000 0.899076
0.002553 0.034043 -0.160000 0.918981
0.002553 0.035745 -0.160000 0.937969
0.002553 0.037447 -0.160000 0.954866
0.002553 0.039149 -0.160000 0.966359
0.002553 0.040851 -0.160000 0.966359
0.002553 0.042553 -0.160000 0.954866
0.002553 0.044255 -0.160000 0.937969
0.002553 0.045957 -0.160000 0.918981
0.002553 0.047660 -0.160000 0.899076
0.002553 0.049362 -0.160000 0.878705
0.002553 0.051064 -0.160000 0.858067
0.002553 0.052766 -0.160000 0.837265
0.002553 0.054468 -0.160000 0.816355
0.002553 0.056170 -0.160000 0.795368
0.002553 0.057872 -0.160000 0.774328
0.002553 0.059574 -0.160000 0.753247
0.002553 0.061277 -0.160000 0.732135
0.002553 0.062979 -0.160000 0.710998
0.002553 0.064681 -0.160000 0.689843
0.002553 0.066383 -0.160000 0.668672
0.002553 0.068085 -0.160000 0.647488
0.002553 0.069787 -0.160000 0.626294
0.002553 0.071489 -0.160000 0.605091
0.002553 0.073191 -0.160000 0.583881
0.002553 0.074894 -0.160000 0.562664
0.002553 0.076596 -0.160000 0.541441
0.002553 0.078298 -0.160000 0.520214
0.002553 0.080000 -0.160000 0.498982
0.004255 0.000000 -0.160000 0.497179
0.004255 0.001702 -0.160000 0.518331
0.004255 0.003404 -0.160000 0.539471
0.004255 0.005106 -0.160000 0.560598
0.004255 0.006809 -0.160000 0.581711
0.004255 0.008511 -0.160000 0.602805
0.004255 0.010213 -0.160000 0.623879
0.004255 0.011915 -0.160000 0.644929
0.004255 0.013617 -0.160000 0.665951
0.004255 0.015319 -0.160000 0.686937
0.004255 0.017021 -0.160000 0.707882
0.004255 0.018723 -0.160000 0.728776
0.004255 0.020426 -0.160000 0.749604
0.004255 0.022128 -0.160000 0.770351
0.004255 0.023830 -0.160000 0.790991
0.004255 0.025532 -0.160000 0.811489
0.004255 0.027234 -0.160000 0.831794
0.004255 0.028936 -0.160000 0.851826
0.004255 0.030638 -0.160000 0.871457
0.004255 0.032340 -0.160000 0.890472
0.004255 0.034043 -0.160000 0.908486
0.004255 0.035745 -0.160000 0.924776
0.004255 0.037447 -0.160000 0.937969
0.004255 0.039149 -0.160000 0.945755
0.004255 0.040851 -0.160000 0.945755
0.004255 0.042553 -0.160000 0.937969
0.004255 0.044255 -0.160000 0.924776
0.004255 0.045957 -0.160000 0.908486
0.004255 0.047660 -0.160000 0.890472
0.004255 0.049362 -0.160000 0.871457
0.004255 0.051064 -0.160000 0.851826
0.004255 0.052766 -0.160000 0.831794
0.004255 0.054468 -0.160000 0.811489
0.004255 0.056170 -0.160000 0.790991
0.004255 0.057872 -0.160000 0.770351
0.004255 0.059574 -0.160000 0.749604
0.004255 0.061277 -0.160000 0.728776
0.004255 0.062979 -0.160000 0.707882
0.004255 0.064681 -0.160000 0.686937
0.004255 0.066383 -0.160000 0.665951
0.004255 0.068085 -0.160000 0.644929
0.004255 0.069787 -0.160000 0.623879
0.004255 0.071489 -0.160000 0.602805
0.004255 0.073191 -0.160000 0.581711
0.004255 0.074894 -0.160000 0.560598
0.004255 0.076596 -0.160000 0.539471
0.004255 0.078298 -0.160000 0.518331
0.004255 0.080000 -0.160000 0.497179
0.005957 0.000000 -0.160000 0.494485
0.005957 0.001702 -0.160000 0.515519
0.005957 0.003404 -0.160000 0.536531
0.005957 0.005106 -0.160000 0.557518
0.005957 0.006809 -0.160000 0.578476
0.005957 0.008511 -0.160000 0.599401
0.005957 0.010213 -0.160000 0.620286
0.005957 0.011915 -0.160000 0.641125
0.005957 0.013617 -0.160000 0.661910
0.005957 0.015319 -0.160000 0.682629
0.005957 0.017021 -0.160000 0.703270
0.005957 0.018723 -0.160000 0.723814
0.005957 0.020426 -0.160000 0.744238
0.005957 0.022128 -0.160000 0.764511
0.005957 0.023830 -0.160000 0.784591
0.005957 0.025532 -0.160000 0.804417
0.005957 0.027234 -0.160000 0.823905
0.005957 0.028936 -0.160000 0.842927
0.005957 0.030638 -0.160000 0.861294
0.005957 0.032340 -0.160000 0.878705
0.005957 0.034043 -0.160000 0.894686
0.005957 0.035745 -0.160000 0.908486
0.005957 0.037447 -0.160000 0.918981
0.005957 0.039149 -0.160000 0.924776
0.005957 0.040851 -0.160000 0.924776
0.005957 0.042553 -0.160000 0.918981
0.005957 0.044255 -0.160000 0.908486
0.005957 0.045957 -0.160000 0.894686
0.005957 0.047660 -0.160000 0.878705
0.005957 0.049362 -0.160000 0.861294
0.005957 0.051064 -0.160000 0.842927
0.005957 0.052766 -0.160000 0.823905
0.005957 0.054468 -0.160000 0.804417
0.005957 0.056170 -0.160000 0.784591
0.005957 0.057872 -0.160000 0.764511
0.005957 0.059574 -0.160000 0.744238
0.005957 0.061277 -0.160000 0.723814
0.005957 0.062979 -0.160000 0.703270
0.005957 0.064681 -0.160000 0.682629
0.005957 0.066383 -0.160000 0.661910
0.005957 0.068085 -0.160000 0.641125
0.005957 0.069787 -0.160000 0.620286
0.005957 0.071489 -0.160000 0.599401
0.005957 0.073191 -0.160000 0.578476
0.005957 0.074894 -0.160000 0.557518
0.005957 0.076596 -0.160000 0.536531
0.005957 0.078298 -0.160000 0.515519
0.005957 0.080000 -0.160000 0.494485
0.007660 0.000000 -0.160000 0.490915
0.007660 0.001702 -0.160000 0.511796
0.007660 0.003404 -0.160000 0.532641
0.007660 0.005106 -0.160000 0.553445
0.007660 0.006809 -0.160000 0.574202
0.007660 0.008511 -0.160000 0.594906
0.007660 0.010213 -0.160000 0.615547
0.007660 0.011915 -0.160000 0.636114
0.007660 0.013617 -0.160000 0.656595
0.007660 0.015319 -0.160000 0.676974
0.007660 0.017021 -0.160000 0.697229
0.007660 0.018723 -0.160000 0.717333
0.007660 0.020426 -0.160000 0.737253
0.007660 0.022128 -0.160000 0.756943
0.007660 0.023830 -0.160000 0.776343
0.007660 0.025532 -0.160000 0.795368
0.007660 0.027234 -0.160000 0.813906
0.007660 0.028936 -0.160000 0.831794
0.007660 0.030638 -0.160000 0.848801
0.007660 0.032340 -0.160000 0.864597
0.007660 0.034043 -0.160000 0.878705
0.007660 0.035745 -0.160000 0.890472
0.007660 0.037447 -0.160000 0.899076
0.007660 0.039149 -0.160000 0.903666
0.007660 0.040851 -0.160000 0.903666
0.007660 0.042553 -0.160000 0.899076
0.007660 0.044255 -0.160000 0.890472
0.007660 0.045957 -0.160000 0.878705
0.007660 0.047660 -0.160000 0.864597
0.007660 0.049362 -0.160000 0.848801
0.007660 0.051064 -0.160000 0.831794
0.007660 0.052766 -0.160000 0.813906
0.007660 0.054468 -0.160000 0.795368
0.007660 0.056170 -0.160000 0.776343
0.007660 0.057872 -0.160000 0.756943
0.007660 0.059574 -0.160000 0.737253
0.007660 0.061277 -0.160000 0.717333
0.007660 0.062979 -0.160000 0.697229
0.007660 0.064681 -0.160000 0.676974
0.007660 0.066383 -0.160000 0.656595
0.007660 0.068085 -0.160000 0.636114
0.007660 0.069787 -0.160000 0.615547
0.007660 0.071489 -0.160000 0.594906
0.007660 0.073191 -0.160000 0.574202
0.007660 0.074894 -0.160000 0.553445
0.007660 0.076596 -0.160000 0.532641
0.007660 0.078298 -0.160000 0.511796
0.007660 0.080000 -0.160000 0.490915
0.009362 0.000000 -0.160000 0.486489
0.009362 0.001702 -0.160000 0.507181
0.009362 0.003404 -0.160000 0.527823
0.009362 0.005106 -0.160000 0.548405
0.009362 0.006809 -0.160000 0.568919
0.009362 0.008511 -0.160000 0.589356
0.009362 0.010213 -0.160000 0.609703
0.009362 0.011915 -0.160000 0.629946
0.009362 0.013617 -0.160000 0.650066
0.009362 0.015319 -0.160000 0.670041
0.009362 0.017021 -0.160000 0.689843
0.009362 0.018723 -0.160000 0.709436
0.009362 0.020426 -0.160000 0.728776
0.009362 0.022128 -0.160000 0.747803
0.009362 0.023830 -0.160000 0.766442
0.009362 0.025532 -0.160000 0.784591
0.009362 0.027234 -0.160000 0.802116
0.009362 0.028936 -0.160000 0.818836
0.009362 0.030638 -0.160000 0.834507
0.009362 0.032340 -0.160000 0.848801
0.009362 0.034043 -0.160000 0.861294
0.009362 0.035745 -0.160000 0.871457
0.009362 0.037447 -0.160000 0.878705
0.009362 0.039149 -0.160000 0.882496
0.009362 0.040851 -0.160000 0.882496
0.009362 0.042553 -0.160000 0.878705
0.009362 0.044255 -0.160000 0.871457
0.009362 0.045957 -0.160000 0.861294
0.009362 0.047660 -0.160000 0.848801
0.009362 0.049362 -0.160000 0.834507
0.009362 0.051064 -0.160000 0.818836
0.009362 0.052766 -0.160000 0.802116
0.009362 0.054468 -0.160000 0.784591
0.009362 0.056170 -0.160000 0.766442
0.009362 0.057872 -0.160000 0.747803
0.009362 0.059574 -0.160000 0.728776
0.009362 0.061277 -0.160000 0.709436
0.009362 0.062979 -0.160000 0.689843
0.009362 0.064681 -0.160000 0.670041
0.009362 0.066383 -0.160000 0.650066
0.009362 0.068085 -0.160000 0.629946
0.009362 0.069787 -0.160000 0.609703
0.009362 0.071489 -0.160000 0.589356
0.009362 0.073191 -0.160000 0.568919
0.009362 0.074894 -0.160000 0.548405
0.009362 0.076596 -0.160000 0.527823
0.009362 0.078298 -0.160000 0.507181
0.009362 0.080000 -0.160000 0.486489
0.011064 0.000000 -0.160000 0.481226
0.011064 0.001702 -0.160000 0.501700
0.011064 0.003404 -0.160000 0.522105
0.011064 0.005106 -0.160000 0.542430
0.011064 0.006809 -0.160000 0.562664
0.011064 0.008511 -0.160000 0.582794
0.011064 0.010213 -0.160000 0.602805
0.011064 0.011915 -0.160000 0.622678
0.011064 0.013617 -0.160000 0.642389
0.011064 0.015319 -0.160000 0.661910
0.011064 0.017021 -0.160000 0.681206
0.011064 0.018723 -0.160000 0.700234
0.011064 0.020426 -0.160000 0.718939
0.011064 0.022128 -0.160000 0.737253
0.011064 0.023830 -0.160000 0.755088
0.011064 0.025532 -0.160000 0.772330
0.011064 0.027234 -0.160000 0.788836
0.011064 0.028936 -0.160000 0.804417
0.011064 0.030638 -0.160000 0.818836
0.011064 0.032340 -0.160000 0.831794
0.011064 0.034043 -0.160000 0.842927
0.011064 0.035745 -0.160000 0.851826
0.011064 0.037447 -0.160000 0.858067
0.011064 0.039149 -0.160000 0.861294
0.011064 0.040851 -0.160000 0.861294
0.011064 0.042553 -0.160000 0.858067
0.011064 0.044255 -0.160000 0.851826
0.011064 0.045957 -0.160000 0.842927
0.011064 0.047660 -0.160000 0.831794
0.011064 0.049362 -0.160000 0.818836
0.011064 0.051064 -0.160000 0.804417
0.011064 0.052766 -0.160000 0.788836
0.011064 0.054468 -0.160000 0.772330
0.011064 0.056170 -0.160000 0.755088
0.011064 0.057872 -0.160000 0.737253
0.011064 0.059574 -0.160000 0.718939
0.011064 0.061277 -0.160000 0.700234
0.011064 0.062979 -0.160000 0.681206
0.011064 0.064681 -0.160000 0.661910
0.011064 0.066383 -0.160000 0.642389
0.011064 0.068085 -0.160000 0.622678
0.011064 0.069787 -0.160000 0.602805
0.011064 0.071489 -0.160000 0.582794
0.011064 0.073191 -0.160000 0.562664
0.011064 0.074894 -0.160000 0.542430
0.011064 0.076596 -0.160000 0.522105
0.011064 0.078298 -0.160000 0.501700
0.011064 0.080000 -0.160000 0.481226
0.012766 0.000000 -0.160000 0.475153
0.012766 0.001702 -0.160000 0.495381
0.012766 0.003404 -0.160000 0.515519
0.012766 0.005106 -0.160000 0.535556
0.012766 0.006809 -0.160000 0.555477
0.012766 0.008511 -0.160000 0.575267
0.012766 0.010213 -0.160000 0.594906
0.012766 0.011915 -0.160000 0.614371
0.012766 0.013617 -0.160000 0.633635
0.012766 0.015319 -0.160000 0.652663
0.012766 0.017021 -0.160000 0.671416
0.012766 0.018723 -0.160000 0.689843
0.012766 0.020426 -0.160000 0.707882
0.012766 0.022128 -0.160000 0.725458
0.012766 0.023830 -0.160000 0.742474
0.012766 0.025532 -0.160000 0.758813
0.012766 0.027234 -0.160000 0.774328
0.012766 0.028936 -0.160000 0.788836
0.012766 0.030638 -0.160000 0.802116
0.012766 0.032340 -0.160000 0.813906
0.012766 0.034043 -0.160000 0.823905
0.012766 0.035745 -0.160000 0.831794
0.012766 0.037447 -0.160000 0.837265
0.012766 0.039149 -0.160000 0.840071
0.012766 0.040851 -0.160000 0.840071
0.012766 0.042553 -0.160000 0.837265
0.012766 0.044255 -0.160000 0.831794
0.012766 0.045957 -0.160000 0.823905
0.012766 0.047660 -0.160000 0.813906
0.012766 0.049362 -0.160000 0.802116
0.012766 0.051064 -0.160000 0.788836
0.012766 0.052766 -0.160000 0.774328
0.012766 0.054468 -0.160000 0.758813
0.012766 0.056170 -0.160000 0.742474
0.012766 0.057872 -0.160000 0.725458
0.012766 0.059574 -0.160000 0.707882
0.012766 0.061277 -0.160000 0.689843
0.012766 0.062979 -0.160000 0.671416
0.012766 0.064681 -0.160000 0.652663
0.012766 0.066383 -0.160000 0.633635
0.012766 0.068085 -0.160000 0.614371
0.012766 0.069787 -0.160000 0.594906
0.012766 0.071489 -0.160000 0.575267
0.012766 0.073191 -0.160000 0.555477
0.012766 0.074894 -0.160000 0.535556
0.012766 0.076596 -0.160000 0.515519
0.012766 0.078298 -0.160000 0.495381
0.012766 0.080000 -0.160000 0.475153
0.014468 0.000000 -0.160000 0.468298
0.014468 0.001702 -0.160000 0.488255
0.014468 0.003404 -0.160000 0.508101
0.014468 0.005106 -0.160000 0.527823
0.014468 0.006809 -0.160000 0.547403
0.014468 0.008511 -0.160000 0.566824
0.014468 0.010213 -0.160000 0.586062
0.014468 0.011915 -0.160000 0.605091
0.014468 0.013617 -0.160000 0.623879
0.014468 0.015319 -0.160000 0.642389
0.014468 0.017021 -0.160000 0.660573
0.014468 0.018723 -0.160000 0.678378
0.014468 0.020426 -0.160000 0.695737
0.014468 0.022128 -0.160000 0.712569
0.014468 0.023830 -0.160000 0.728776
0.014468 0.025532 -0.160000 0.744238
0.014468 0.027234 -0.160000 0.758813
0.014468 0.028936 -0.160000 0.772330
0.014468 0.030638 -0.160000 0.784591
0.014468 0.032340 -0.160000 0.795368
0.014468 0.034043 -0.160000 0.804417
0.014468 0.035745 -0.160000 0.811489
0.014468 0.037447 -0.160000 0.816355
0.014468 0.039149 -0.160000 0.818836
0.014468 0.040851 -0.160000 0.818836
0.014468 0.042553 -0.160000 0.816355
0.014468 0.044255 -0.160000 0.811489
0.014468 0.045957 -0.160000 0.804417
0.014468 0.047660 -0.160000 0.795368
0.014468 0.049362 -0.160000 0.784591
0.014468 0.051064 -0.160000 0.772330
0.014468 0.052766 -0.160000 0.758813
0.014468 0.054468 -0.160000 0.744238
0.014468 0.056170 -0.160000 0.728776
0.014468 0.057872 -0.160000 0.712569
0.014468 0.059574 -0.160000 0.695737
0.014468 0.061277 -0.160000 0.678378
0.014468 0.062979 -0.160000 0.660573
0.014468 0.064681 -0.160000 0.642389
0.014468 0.066383 -0.160000 0.623879
0.014468 0.068085 -0.160000 0.605091
0.014468 0.069787 -0.160000 0.586062
0.014468 0.071489 -0.160000 0.566824
0.014468 0.073191 -0.160000 0.547403
0.014468 0.074894 -0.160000 0.527823
0.014468 0.076596 -0.160000 0.508101
0.014468 0.078298 -0.160000 0.488255
0.014468 0.080000 -0.160000 0.468298
0.016170 0.000000 -0.160000 0.460690
0.016170 0.001702 -0.160000 0.480354
0.016170 0.003404 -0.160000 0.499887
0.016170 0.005106 -0.160000 0.519271
0.016170 0.006809 -0.160000 0.538489
0.016170 0.008511 -0.160000 0.557518
0.016170 0.010213 -0.160000 0.576334
0.016170 0.011915 -0.160000 0.594906
0.016170 0.013617 -0.160000 0.613199
0.016170 0.015319 -0.160000 0.631172
0.016170 0.017021 -0.160000 0.648775
0.016170 0.018723 -0.160000 0.665951
0.016170 0.020426 -0.160000 0.682629
0.016170 0.022128 -0.160000 0.698728
0.016170 0.023830 -0.160000 0.714148
0.016170 0.025532 -0.160000 0.728776
0.016170 0.027234 -0.160000 0.742474
0.016170 0.028936 -0.160000 0.755088
0.016170 0.030638 -0.160000 0.766442
0.016170 0.032340 -0.160000 0.776343
0.016170 0.034043 -0.160000 0.784591
0.016170 0.035745 -0.160000 0.790991
0.016170 0.037447 -0.160000 0.795368
0.016170 0.039149 -0.160000 0.797593
0.016170 0.040851 -0.160000 0.797593
0.016170 0.042553 -0.160000 0.795368
0.016170 0.044255 -0.160000 0.790991
0.016170 0.045957 -0.160000 0.784591
0.016170 0.047660 -0.160000 0.776343
0.016170 0.049362 -0.160000 0.766442
0.016170 0.051064 -0.160000 0.755088
0.016170 0.052766 -0.160000 0.742474
0.016170 0.054468 -0.160000 0.728776
0.016170 0.056170 -0.160000 0.714148
0.016170 0.057872 -0.160000 0.698728
0.016170 0.059574 -0.160000 0.682629
0.016170 0.061277 -0.160000 0.665951
0.016170 0.062979 -0.160000 0.648775
0.016170 0.064681 -0.160000 0.631172
0.016170 0.066383 -0.160000 0.613199
0.016170 0.068085 -0.160000 0.594906
0.016170 0.069787 -0.160000 0.576334
0.016170 0.071489 -0.160000 0.557518
0.016170 0.073191 -0.160000 0.538489
0.016170 0.074894 -0.160000 0.519271
0.016170 0.076596 -0.160000 0.499887
0.016170 0.078298 -0.160000 0.480354
0.016170 0.080000 -0.160000 0.460690
0.017872 0.000000 -0.160000 0.452360
0.017872 0.001702 -0.160000 0.471715
0.017872 0.003404 -0.160000 0.490915
0.017872 0.005106 -0.160000 0.509945
0.017872 0.006809 -0.160000 0.528782
0.017872 0.008511 -0.160000 0.547403
0.017872 0.010213 -0.160000 0.565780
0.017872 0.011915 -0.160000 0.583881
0.017872 0.013617 -0.160000 0.601667
0.017872 0.015319 -0.160000 0.619095
0.017872 0.017021 -0.160000 0.636114
0.017872 0.018723 -0.160000 0.652663
0.017872 0.020426 -0.160000 0.668672
0.017872 0.022128 -0.160000 0.684059
0.017872 0.023830 -0.160000 0.698728
0.017872 0.025532 -0.160000 0.712569
0.017872 0.027234 -0.160000 0.725458
0.017872 0.028936 -0.160000 0.737253
0.017872 0.030638 -0.160000 0.747803
0.017872 0.032340 -0.160000 0.756943
0.017872 0.034043 -0.160000 0.764511
0.017872 0.035745 -0.160000 0.770351
0.017872 0.037447 -0.160000 0.774328
0.017872 0.039149 -0.160000 0.776343
0.017872 0.040851 -0.160000 0.776343
0.017872 0.042553 -0.160000 0.774328
0.017872 0.044255 -0.160000 0.770351
0.017872 0.045957 -0.160000 0.764511
0.017872 0.047660 -0.160000 0.756943
0.017872 0.049362 -0.160000 0.747803
0.017872 0.051064 -0.160000 0.737253
0.017872 0.052766 -0.160000 0.725458
0.017872 0.054468 -0.160000 0.712569
0.017872 0.056170 -0.160000 0.698728
0.017872 0.057872 -0.160000 0.684059
0.017872 0.059574 -0.160000 0.668672
0.017872 0.061277 -0.160000 0.652663
0.017872 0.062979 -0.160000 0.636114
0.017872 0.064681 -0.160000 0.619095
0.017872 0.066383 -0.160000 0.601667
0.017872 0.068085 -0.160000 0.583881
0.017872 0.069787 -0.160000 0.565780
0.017872 0.071489 -0.160000 0.547403
0.017872 0.073191 -0.160000 0.528782
0.017872 0.074894 -0.160000 0.509945
0.017872 0.076596 -0.160000 0.490915
0.017872 0.078298 -0.160000 0.471715
0.017872 0.080000 -0.160000 0.452360
0.019574 0.000000 -0.160000 0.443341
0.019574 0.001702 -0.160000 0.462371
0.019574 0.003404 -0.160000 0.481226
0.019574 0.005106 -0.160000 0.499887
0.019574 0.006809 -0.160000 0.518331
0.019574 0.008511 -0.160000 0.536531
0.019574 0.010213 -0.160000 0.554460
0.019574 0.011915 -0.160000 0.572081
0.019574 0.013617 -0.160000 0.589356
0.019574 0.015319 -0.160000 0.606239
0.019574 0.017021 -0.160000 0.622678
0.019574 0.018723 -0.160000 0.638611
0.019574 0.020426 -0.160000 0.653969
0.019574 0.022128 -0.160000 0.668672
0.019574 0.023830 -0.160000 0.682629
0.019574 0.025532 -0.160000 0.695737
0.019574 0.027234 -0.160000 0.707882
0.019574 0.028936 -0.160000 0.718939
0.019574 0.030638 -0.160000 0.728776
0.019574 0.032340 -0.160000 0.737253
0.019574 0.034043 -0.160000 0.744238
0.019574 0.035745 -0.160000 0.749604
0.019574 0.037447 -0.160000 0.753247
0.019574 0.039149 -0.160000 0.755088
0.019574 0.040851 -0.160000 0.755088
0.019574 0.042553 -0.160000 0.753247
0.019574 0.044255 -0.160000 0.749604
0.019574 0.045957 -0.160000 0.744238
0.019574 0.047660 -0.160000 0.737253
0.019574 0.049362 -0.160000 0.728776
0.019574 0.051064 -0.160000 0.718939
0.019574 0.052766 -0.160000 0.707882
0.019574 0.054468 -0.160000 0.695737
0.019574 0.056170 -0.160000 0.682629
0.019574 0.057872 -0.160000 0.668672
0.019574 0.059574 -0.160000 0.653969
0.019574 0.061277 -0.160000 0.638611
0.019574 0.062979 -0.160000 0.622678
0.019574 0.064681 -0.160000 0.606239
0.019574 0.066383 -0.160000 0.589356
0.019574 0.068085 -0.160000 0.572081
0.019574 0.069787 -0.160000 0.554460
0.019574 0.071489 -0.160000 0.536531
0.019574 0.073191 -0.160000 0.518331
0.019574 0.074894 -0.160000 0.499887
0.019574 0.076596 -0.160000 0.481226
0.019574 0.078298 -0.160000 0.462371
0.019574 0.080000 -0.160000 0.443341
0.021277 0.000000 -0.160000 0.433667
0.021277 0.001702 -0.160000 0.452360
0.021277 0.003404 -0.160000 0.470858
0.021277 0.005106 -0.160000 0.489140
0.021277 0.006809 -0.160000 0.507181
0.021277 0.008511 -0.160000 0.524955
0.021277 0.010213 -0.160000 0.542430
0.021277 0.011915 -0.160000 0.559569
0.021277 0.013617 -0.160000 0.576334
0.021277 0.015319 -0.160000 0.592677
0.021277 0.017021 -0.160000 0.608545
0.021277 0.018723 -0.160000 0.623879
0.021277 0.020426 -0.160000 0.638611
0.021277 0.022128 -0.160000 0.652663
0.021277 0.023830 -0.160000 0.665951
0.021277 0.025532 -0.160000 0.678378
0.021277 0.027234 -0.160000 0.689843
0.021277 0.028936 -0.160000 0.700234
0.021277 0.030638 -0.160000 0.709436
0.021277 0.032340 -0.160000 0.717333
0.021277 0.034043 -0.160000 0.723814
0.021277 0.035745 -0.160000 0.728776
0.021277 0.037447 -0.160000 0.732135
0.021277 0.039149 -0.160000 0.733830
0.021277 0.040851 -0.160000 0.733830
0.021277 0.042553 -0.160000 0.732135
0.021277 0.044255 -0.160000 0.728776
0.021277 0.045957 -0.160000 0.723814
0.021277 0.047660 -0.160000 0.717333
0.021277 0.049362 -0.160000 0.709436
0.021277 0.051064 -0.160000 0.700234
0.021277 0.052766 -0.160000 0.689843
0.021277 0.054468 -0.160000 0.678378
0.021277 0.056170 -0.160000 0.665951
0.021277 0.057872 -0.160000 0.652663
0.021277 0.059574 -0.160000 0.638611
0.021277 0.061277 -0.160000 0.623879
0.021277 0.062979 -0.160000 0.608545
0.021277 0.064681 -0.160000 0.592677
0.021277 0.066383 -0.160000 0.576334
0.021277 0.068085 -0.160000 0.559569
0.021277 0.069787 -0.160000 0.542430
0.021277 0.071489 -0.160000 0.524955
0.021277 0.073191 -0.160000 0.507181
0.021277 0.074894 -0.160000 0.489140
0.021277 0.076596 -0.160000 0.470858
0.021277 0.078298 -0.160000 0.452360
0.021277 0.080000 -0.160000 0.433667
0.022979 0.000000 -0.160000 0.423369
0.022979 0.001702 -0.160000 0.441717
0.022979 0.003404 -0.160000 0.459851
0.022979 0.005106 -0.160000 0.477747
0.022979 0.006809 -0.160000 0.495381
0.022979 0.008511 -0.160000 0.512724
0.022979 0.010213 -0.160000 0.529744
0.022979 0.011915 -0.160000 0.546404
0.022979 0.013617 -0.160000 0.562664
0.022979 0.015319 -0.160000 0.578476
0.022979 0.017021 -0.160000 0.593790
0.022979 0.018723 -0.160000 0.608545
0.022979 0.020426 -0.160000 0.622678
0.022979 0.022128 -0.160000 0.636114
0.022979 0.023830 -0.160000 0.648775
0.022979 0.025532 -0.160000 0.660573
0.022979 0.027234 -0.160000 0.671416
0.022979 0.028936 -0.160000 0.681206
0.022979 0.030638 -0.160000 0.689843
0.022979 0.032340 -0.160000 0.697229
0.022979 0.034043 -0.160000 0.703270
0.022979 0.035745 -0.160000 0.707882
0.022979 0.037447 -0.160000 0.710998
0.022979 0.039149 -0.160000 0.712569
0.022979 0.040851 -0.160000 0.712569
0.022979 0.042553 -0.160000 0.710998
0.022979 0.044255 -0.160000 0.707882
0.022979 0.045957 -0.160000 0.703270
0.022979 0.047660 -0.160000 0.697229
0.022979 0.049362 -0.160000 0.689843
0.022979 0.051064 -0.160000 0.681206
0.022979 0.052766 -0.160000 0.671416
0.022979 0.054468 -0.160000 0.660573
0.022979 0.056170 -0.160000 0.648775
0.022979 0.057872 -0.160000 0.636114
0.022979 0.059574 -0.160000 0.622678
0.022979 0.061277 -0.160000 0.608545
0.022979 0.062979 -0.160000 0.593790
0.022979 0.064681 -0.160000 0.578476
0.022979 0.066383 -0.160000 0.562664
0.022979 0.068085 -0.160000 0.546404
0.022979 0.069787 -0.160000 0.529744
0.022979 0.071489 -0.160000 0.512724
0.022979 0.073191 -0.160000 0.495381
0.022979 0.074894 -0.160000 0.477747
0.022979 0.076596 -0.160000 0.459851
0.022979 0.078298 -0.160000 0.441717
0.022979 0.080000 -0.160000 0.423369
0.024681 0.000000 -0.160000 0.412481
0.024681 0.001702 -0.160000 0.430478
0.024681 0.003404 -0.160000 0.448242
0.024681 0.005106 -0.160000 0.465750
0.024681 0.006809 -0.160000 0.482974
0.024681 0.008511 -0.160000 0.499887
0.024681 0.010213 -0.160000 0.516455
0.024681 0.011915 -0.160000 0.532641
0.024681 0.013617 -0.160000 0.548405
0.024681 0.015319 -0.160000 0.563700
0.024681 0.017021 -0.160000 0.578476
0.024681 0.018723 -0.160000 0.592677
0.024681 0.020426 -0.160000 0.606239
0.024681 0.022128 -0.160000 0.619095
0.024681 0.023830 -0.160000 0.631172
0.024681 0.025532 -0.160000 0.642389
0.024681 0.027234 -0.160000 0.652663
0.024681 0.028936 -0.160000 0.661910
0.024681 0.030638 -0.160000 0.670041
0.024681 0.032340 -0.160000 0.676974
0.024681 0.034043 -0.160000 0.682629
0.024681 0.035745 -0.160000 0.686937
0.024681 0.037447 -0.160000 0.689843
0.024681 0.039149 -0.160000 0.691306
0.024681 0.040851 -0.160000 0.691306
0.024681 0.042553 -0.160000 0.689843
0.024681 0.044255 -0.160000 0.686937
0.024681 0.045957 -0.160000 0.682629
0.024681 0.047660 -0.160000 0.676974
0.024681 0.049362 -0.160000 0.670041
0.024681 0.051064 -0.160000 0.661910
0.024681 0.052766 -0.160000 0.652663
0.024681 0.054468 -0.160000 0.642389
0.024681 0.056170 -0.160000 0.631172
0.024681 0.057872 -0.160000 0.619095
0.024681 0.059574 -0.160000 0.606239
0.024681 0.061277 -0.160000 0.592677
0.024681 0.062979 -0.160000 0.578476
0.024681 0.064681 -0.160000 0.563700
0.024681 0.066383 -0.160000 0.548405
0.024681 0.068085 -0.160000 0.532641
0.024681 0.069787 -0.160000 0.516455
0.024681 0.071489 -0.160000 0.499887
0.024681 0.073191 -0.160000 0.482974
0.024681 0.074894 -0.160000 0.465750
0.024681 0.076596 -0.160000 0.448242
0.024681 0.078298 -0.160000 0.430478
0.024681 0.080000 -0.160000 0.412481
0.026383 0.000000 -0.160000 0.401035
0.026383 0.001702 -0.160000 0.418678
0.026383 0.003404 -0.160000 0.436070
0.026383 0.005106 -0.160000 0.453187
0.026383 0.006809 -0.160000 0.470003
0.026383 0.008511 -0.160000 0.486489
0.026383 0.010213 -0.160000 0.502610
0.026383 0.011915 -0.160000 0.518331
0.026383 0.013617 -0.160000 0.533610
0.026383 0.015319 -0.160000 0.548405
0.026383 0.017021 -0.160000 0.562664
0.026383 0.018723 -0.160000 0.576334
0.026383 0.020426 -0.160000 0.589356
0.026383 0.022128 -0.160000 0.601667
0.026383 0.023830 -0.160000 0.613199
0.026383 0.025532 -0.160000 0.623879
0.026383 0.027234 -0.160000 0.633635
0.026383 0.028936 -0.160000 0.642389
0.026383 0.030638 -0.160000 0.650066
0.026383 0.032340 -0.160000 0.656595
0.026383 0.034043 -0.160000 0.661910
0.026383 0.035745 -0.160000 0.665951
0.026383 0.037447 -0.160000 0.668672
0.026383 0.039149 -0.160000 0.670041
0.026383 0.040851 -0.160000 0.670041
0.026383 0.042553 -0.160000 0.668672
0.026383 0.044255 -0.160000 0.665951
0.026383 0.045957 -0.160000 0.661910
0.026383 0.047660 -0.160000 0.656595
0.026383 0.049362 -0.160000 0.650066
0.026383 0.051064 -0.160000 0.642389
0.026383 0.052766 -0.160000 0.633635
0.026383 0.054468 -0.160000 0.623879
0.026383 0.056170 -0.160000 0.613199
0.026383 0.057872 -0.160000 0.601667
0.026383 0.059574 -0.160000 0.589356
0.026383 0.061277 -0.160000 0.576334
0.026383 0.062979 -0.160000 0.562664
0.026383 0.064681 -0.160000 0.548405
0.026383 0.066383 -0.160000 0.533610
0.026383 0.068085 -0.160000 0.518331
0.026383 0.069787 -0.160000 0.502610
0.026383 0.071489 -0.160000 0.486489
0.026383 0.073191 -0.160000 0.470003
0.026383 0.074894 -0.160000 0.453187
0.026383 0.076596 -0.160000 0.436070
0.026383 0.078298 -0.160000 0.418678
0.026383 0.080000 -0.160000 0.401035
0.028085 0.000000 -0.160000 0.389062
0.028085 0.001702 -0.160000 0.406349
0.028085 0.003404 -0.160000 0.423369
0.028085 0.005106 -0.160000 0.440098
0.028085 0.006809 -0.160000 0.456509
0.028085 0.008511 -0.160000 0.472572
0.028085 0.010213 -0.160000 0.488255
0.028085 0.011915 -0.160000 0.503521
0.028085 0.013617 -0.160000 0.518331
0.028085 0.015319 -0.160000 0.532641
0.028085 0.017021 -0.160000 0.546404
0.028085 0.018723 -0.160000 0.559569
0.028085 0.020426 -0.160000 0.572081
0.028085 0.022128 -0.160000 0.583881
0.028085 0.023830 -0.160000 0.594906
0.028085 0.025532 -0.160000 0.605091
0.028085 0.027234 -0.160000 0.614371
0.028085 0.028936 -0.160000 0.622678
0.028085 0.030638 -0.160000 0.629946
0.028085 0.032340 -0.160000 0.636114
0.028085 0.034043 -0.160000 0.641125
0.028085 0.035745 -0.160000 0.644929
0.028085 0.037447 -0.160000 0.647488
0.028085 0.039149 -0.160000 0.648775
0.028085 0.040851 -0.160000 0.648775
0.028085 0.042553 -0.160000 0.647488
0.028085 0.044255 -0.160000 0.644929
0.028085 0.045957 -0.160000 0.641125
0.028085 0.047660 -0.160000 0.636114
0.028085 0.049362 -0.160000 0.629946
0.028085 0.051064 -0.160000 0.622678
0.028085 0.052766 -0.160000 0.614371
0.028085 0.054468 -0.160000 0.605091
0.028085 0.056170 -0.160000 0.594906
0.028085 0.057872 -0.160000 0.583881
0.028085 0.059574 -0.160000 0.572081
0.028085 0.061277 -0.160000 0.559569
0.028085 0.062979 -0.160000 0.546404
0.028085 0.064681 -0.160000 0.532641
0.028085 0.066383 -0.160000 0.518331
0.028085 0.068085 -0.160000 0.503521
0.028085 0.069787 -0.160000 0.488255
0.028085 0.071489 -0.160000 0.472572
0.028085 0.073191 -0.160000 0.456509
0.028085 0.074894 -0.160000 0.440098
0.028085 0.076596 -0.160000 0.423369
0.028085 0.078298 -0.160000 0.406349
0.028085 0.080000 -0.160000 0.389062
0.029787 0.000000 -0.160000 0.376592
0.029787 0.001702 -0.160000 0.393524
0.029787 0.003404 -0.160000 0.410174
0.029787 0.005106 -0.160000 0.426518
0.029787 0.006809 -0.160000 0.442529
0.029787 0.008511 -0.160000 0.458177
0.029787 0.010213 -0.160000 0.473431
0.029787 0.011915 -0.160000 0.488255
0.029787 0.013617 -0.160000 0.502610
0.029787 0.015319 -0.160000 0.516455
0.029787 0.017021 -0.160000 0.529744
0.029787 0.018723 -0.160000 0.542430
0.029787 0.020426 -0.160000 0.554460
0.029787 0.022128 -0.160000 0.565780
0.029787 0.023830 -0.160000 0.576334
0.029787 0.025532 -0.160000 0.586062
0.029787 0.027234 -0.160000 0.594906
0.029787 0.028936 -0.160000 0.602805
0.029787 0.030638 -0.160000 0.609703
0.029787 0.032340 -0.160000 0.615547
0.029787 0.034043 -0.160000 0.620286
0.029787 0.035745 -0.160000 0.623879
0.029787 0.037447 -0.160000 0.626294
0.029787 0.039149 -0.160000 0.627508
0.029787 0.040851 -0.160000 0.627508
0.029787 0.042553 -0.160000 0.626294
0.029787 0.044255 -0.160000 0.623879
0.029787 0.045957 -0.160000 0.620286
0.029787 0.047660 -0.160000 0.615547
0.029787 0.049362 -0.160000 0.609703
0.029787 0.051064 -0.160000 0.602805
0.029787 0.052766 -0.160000 0.594906
0.029787 0.054468 -0.160000 0.586062
0.029787 0.056170 -0.160000 0.576334
0.029787 0.057872 -0.160000 0.565780
0.029787 0.059574 -0.160000 0.554460
0.029787 0.061277 -0.160000 0.542430
0.029787 0.062979 -0.160000 0.529744
0.029787 0.064681 -0.160000 0.516455
0.029787 0.066383 -0.160000 0.502610
0.029787 0.068085 -0.160000 0.488255
0.029787 0.069787 -0.160000 0.473431
0.029787 0.071489 -0.160000 0.458177
0.029787 0.073191 -0.160000 0.442529
0.029787 0.074894 -0.160000 0.426518
0.029787 0.076596 -0.160000 0.410174
0.029787 0.078298 -0.160000 0.393524
0.029787 0.080000 -0.160000 0.376592
0.031489 0.000000 -0.160000 0.363655
0.031489 0.001702 -0.160000 0.380234
0.031489 0.003404 -0.160000 0.396517
0.031489 0.005106 -0.160000 0.412481
0.031489 0.006809 -0.160000 0.428099
0.031489 0.008511 -0.160000 0.443341
0.031489 0.010213 -0.160000 0.458177
0.031489 0.011915 -0.160000 0.472572
0.031489 0.013617 -0.160000 0.486489
0.031489 0.015319 -0.160000 0.499887
0.031489 0.017021 -0.160000 0.512724
0.031489 0.018723 -0.160000 0.524955
0.031489 0.020426 -0.160000 0.536531
0.031489 0.022128 -0.160000 0.547403
0.031489 0.023830 -0.160000 0.557518
0.031489 0.025532 -0.160000 0.566824
0.031489 0.027234 -0.160000 0.575267
0.031489 0.028936 -0.160000 0.582794
0.031489 0.030638 -0.160000 0.589356
0.031489 0.032340 -0.160000 0.594906
0.031489 0.034043 -0.160000 0.599401
0.031489 0.035745 -0.160000 0.602805
0.031489 0.037447 -0.160000 0.605091
0.031489 0.039149 -0.160000 0.606239
0.031489 0.040851 -0.160000 0.606239
0.031489 0.042553 -0.160000 0.605091
0.031489 0.044255 -0.160000 0.602805
0.031489 0.045957 -0.160000 0.599401
0.031489 0.047660 -0.160000 0.594906
0.031489 0.049362 -0.160000 0.589356
0.031489 0.051064 -0.160000 0.582794
0.031489 0.052766 -0.160000 0.575267
0.031489 0.054468 -0.160000 0.566824
0.031489 0.056170 -0.160000 0.557518
0.031489 0.057872 -0.160000 0.547403
0.031489 0.059574 -0.160000 0.536531
0.031489 0.061277 -0.160000 0.524955
0.031489 0.062979 -0.160000 0.512724
0.031489 0.064681 -0.160000 0.499887
0.031489 0.066383 -0.160000 0.486489
0.031489 0.068085 -0.160000 0.472572
0.031489 0.069787 -0.160000 0.458177
0.031489 0.071489 -0.160000 0.443341
0.031489 0.073191 -0.160000 0.428099
0.031489 0.074894 -0.160000 0.412481
0.031489 0.076596 -0.160000 0.396517
0.031489 0.078298 -0.160000 0.380234
0.031489 0.080000 -0.160000 0.363655
0.033191 0.000000 -0.160000 0.350280
0.033191 0.001702 -0.160000 0.366507
0.033191 0.003404 -0.160000 0.382429
0.033191 0.005106 -0.160000 0.398019
0.033191 0.006809 -0.160000 0.413252
0.033191 0.008511 -0.160000 0.428099
0.033191 0.010213 -0.160000 0.442529
0.033191 0.011915 -0.160000 0.456509
0.033191 0.013617 -0.160000 0.470003
0.033191 0.015319 -0.160000 0.482974
0.033191 0.017021 -0.160000 0.495381
0.033191 0.018723 -0.160000 0.507181
0.033191 0.020426 -0.160000 0.518331
0.033191 0.022128 -0.160000 0.528782
0.033191 0.023830 -0.160000 0.538489
0.033191 0.025532 -0.160000 0.547403
0.033191 0.027234 -0.160000 0.555477
0.033191 0.028936 -0.160000 0.562664
0.033191 0.030638 -0.160000 0.568919
0.033191 0.032340 -0.160000 0.574202
0.033191 0.034043 -0.160000 0.578476
0.033191 0.035745 -0.160000 0.581711
0.033191 0.037447 -0.160000 0.583881
0.033191 0.039149 -0.160000 0.584970
0.033191 0.040851 -0.160000 0.584970
0.033191 0.042553 -0.160000 0.583881
0.033191 0.044255 -0.160000 0.581711
0.033191 0.045957 -0.160000 0.578476
0.033191 0.047660 -0.160000 0.574202
0.033191 0.049362 -0.160000 0.568919
0.033191 0.051064 -0.160000 0.562664
0.033191 0.052766 -0.160000 0.555477
0.033191 0.054468 -0.160000 0.547403
0.033191 0.056170 -0.160000 0.538489
0.033191 0.057872 -0.160000 0.528782
0.033191 0.059574 -0.160000 0.518331
0.033191 0.061277 -0.160000 0.507181
0.033191 0.062979 -0.160000 0.495381
0.033191 0.064681 -0.160000 0.482974
0.033191 0.066383 -0.160000 0.470003
0.033191 0.068085 -0.160000 0.456509
0.033191 0.069787 -0.160000 0.442529
0.033191 0.071489 -0.160000 0.428099
0.033191 0.073191 -0.160000 0.413252
0.033191 0.074894 -0.160000 0.398019
0.033191 0.076596 -0.160000 0.382429
0.033191 0.078298 -0.160000 0.366507
0.033191 0.080000 -0.160000 0.350280
0.034894 0.000000 -0.160000 0.336491
0.034894 0.001702 -0.160000 0.352373
0.034894 0.003404 -0.160000 0.367938
0.034894 0.005106 -0.160000 0.383162
0.034894 0.006809 -0.160000 0.398019
0.034894 0.008511 -0.160000 0.412481
0.034894 0.010213 -0.160000 0.426518
0.034894 0.011915 -0.160000 0.440098
0.034894 0.013617 -0.160000 0.453187
0.034894 0.015319 -0.160000 0.465750
0.034894 0.017021 -0.160000 0.477747
0.034894 0.018723 -0.160000 0.489140
0.034894 0.020426 -0.160000 0.499887
0.034894 0.022128 -0.160000 0.509945
0.034894 0.023830 -0.160000 0.519271
0.034894 0.025532 -0.160000 0.527823
0.034894 0.027234 -0.160000 0.535556
0.034894 0.028936 -0.160000 0.542430
0.034894 0.030638 -0.160000 0.548405
0.034894 0.032340 -0.160000 0.553445
0.034894 0.034043 -0.160000 0.557518
0.034894 0.035745 -0.160000 0.560598
0.034894 0.037447 -0.160000 0.562664
0.034894 0.039149 -0.160000 0.563700
0.034894 0.040851 -0.160000 0.563700
0.034894 0.042553 -0.160000 0.562664
0.034894 0.044255 -0.160000 0.560598
0.034894 0.045957 -0.160000 0.557518
0.034894 0.047660 -0.160000 0.553445
0.034894 0.049362 -0.160000 0.548405
0.034894 0.051064 -0.160000 0.542430
0.034894 0.052766 -0.160000 0.535556
0.034894 0.054468 -0.160000 0.527823
0.034894 0.056170 -0.160000 0.519271
0.034894 0.057872 -0.160000 0.509945
0.034894 0.059574 -0.160000 0.499887
0.034894 0.061277 -0.160000 0.489140
0.034894 0.062979 -0.160000 0.477747
0.034894 0.064681 -0.160000 0.465750
0.034894 0.066383 -0.160000 0.453187
0.034894 0.068085 -0.160000 0.440098
0.034894 0.069787 -0.160000 0.426518
0.034894 0.071489 -0.160000 0.412481
0.034894 0.073191 -0.160000 0.398019
0.034894 0.074894 -0.160000 0.383162
0.034894 0.076596 -0.160000 0.367938
0.034894 0.078298 -0.160000 0.352373
0.034894 0.080000 -0.160000 0.336491
0.036596 0.000000 -0.160000 0.322315
0.036596 0.001702 -0.160000 0.337857
0.036596 0.003404 -0.160000 0.353073
0.036596 0.005106 -0.160000 0.367938
0.036596 0.006809 -0.160000 0.382429
0.036596 0.008511 -0.160000 0.396517
0.036596 0.010213 -0.160000 0.410174
0.036596 0.011915 -0.160000 0.423369
0.036596 0.013617 -0.160000 0.436070
0.036596 0.015319 -0.160000 0.448242
0.036596 0.017021 -0.160000 0.459851
0.036596 0.018723 -0.160000 0.470858
0.036596 0.020426 -0.160000 0.481226
0.036596 0.022128 -0.160000 0.490915
0.036596 0.023830 -0.160000 0.499887
0.036596 0.025532 -0.160000 0.508101
0.036596 0.027234 -0.160000 0.515519
0.036596 0.028936 -0.160000 0.522105
0.036596 0.030638 -0.160000 0.527823
0.036596 0.032340 -0.160000 0.532641
0.036596 0.034043 -0.160000 0.536531
0.036596 0.035745 -0.160000 0.539471
0.036596 0.037447 -0.160000 0.541441
0.036596 0.039149 -0.160000 0.542430
0.036596 0.040851 -0.160000 0.542430
0.036596 0.042553 -0.160000 0.541441
0.036596 0.044255 -0.160000 0.539471
0.036596 0.045957 -0.160000 0.536531
0.036596 0.047660 -0.160000 0.532641
0.036596 0.049362 -0.160000 0.527823
0.036596 0.051064 -0.160000 0.522105
0.036596 0.052766 -0.160000 0.515519
0.036596 0.054468 -0.160000 0.508101
0.036596 0.056170 -0.160000 0.499887
0.036596 0.057872 -0.160000 0.490915
0.036596 0.059574 -0.160000 0.481226
0.036596 0.061277 -0.160000 0.470858
0.036596 0.062979 -0.160000 0.459851
0.036596 0.064681 -0.160000 0.448242
0.036596 0.066383 -0.160000 0.436070
0.036596 0.068085 -0.160000 0.423369
0.036596 0.069787 -0.160000 0.410174
0.036596 0.071489 -0.160000 0.396517
0.036596 0.073191 -0.160000 0.382429
0.036596 0.074894 -0.160000 0.367938
0.036596 0.076596 -0.160000 0.353073
0.036596 0.078298 -0.160000 0.337857
0.036596 0.080000 -0.160000 0.322315
0.038298 0.000000 -0.160000 0.307775
0.038298 0.001702 -0.160000 0.322983
0.038298 0.003404 -0.160000 0.337857
0.038298 0.005106 -0.160000 0.352373
0.038298 0.006809 -0.160000 0.366507
0.038298 0.008511 -0.160000 0.380234
0.038298 0.010213 -0.160000 0.393524
0.038298 0.011915 -0.160000 0.406349
0.038298 0.013617 -0.160000 0.418678
0.038298 0.015319 -0.160000 0.430478
0.038298 0.017021 -0.160000 0.441717
0.038298 0.018723 -0.160000 0.452360
0.038298 0.020426 -0.160000 0.462371
0.038298 0.022128 -0.160000 0.471715
0.038298 0.023830 -0.160000 0.480354
0.038298 0.025532 -0.160000 0.488255
0.038298 0.027234 -0.160000 0.495381
0.038298 0.028936 -0.160000 0.501700
0.038298 0.030638 -0.160000 0.507181
0.038298 0.032340 -0.160000 0.511796
0.038298 0.034043 -0.160000 0.515519
0.038298 0.035745 -0.160000 0.518331
0.038298 0.037447 -0.160000 0.520214
0.038298 0.039149 -0.160000 0.521158
0.038298 0.040851 -0.160000 0.521158
0.038298 0.042553 -0.160000 0.520214
0.038298 0.044255 -0.160000 0.518331
0.038298 0.045957 -0.160000 0.515519
0.038298 0.047660 -0.160000 0.511796
0.038298 0.049362 -0.160000 0.507181
0.038298 0.051064 -0.160000 0.501700
0.038298 0.052766 -0.160000 0.495381
0.038298 0.054468 -0.160000 0.488255
0.038298 0.056170 -0.160000 0.480354
0.038298 0.057872 -0.160000 0.471715
0.038298 0.059574 -0.160000 0.462371
0.038298 0.061277 -0.160000 0.452360
0.038298 0.062979 -0.160000 0.441717
0.038298 0.064681 -0.160000 0.430478
0.038298 0.066383 -0.160000 0.418678
0.038298 0.068085 -0.160000 0.406349
0.038298 0.069787 -0.160000 0.393524
0.038298 0.071489 -0.160000 0.380234
0.038298 0.073191 -0.160000 0.366507
0.038298 0.074894 -0.160000 0.352373
0.038298 0.076596 -0.160000 0.337857
0.038298 0.078298 -0.160000 0.322983
0.038298 0.080000 -0.160000 0.307775
0.040000 0.000000 -0.160000 0.292893
0.040000 0.001702 -0.160000 0.307775
0.040000 0.003404 -0.160000 0.322315
0.040000 0.005106 -0.160000 0.336491
0.040000 0.006809 -0.160000 0.350280
0.040000 0.008511 -0.160000 0.363655
0.040000 0.010213 -0.160000 0.376592
0.040000 0.011915 -0.160000 0.389062
0.040000 0.013617 -0.160000 0.401035
0.040000 0.015319 -0.160000 0.412481
0.040000 0.017021 -0.160000 0.423369
0.040000 0.018723 -0.160000 0.433667
0.040000 0.020426 -0.160000 0.443341
0.040000 0.022128 -0.160000 0.452360
0.040000 0.023830 -0.160000 0.460690
0.040000 0.025532 -0.160000 0.468298
0.040000 0.027234 -0.160000 0.475153
0.040000 0.028936 -0.160000 0.481226
0.040000 0.030638 -0.160000 0.486489
0.040000 0.032340 -0.160000 0.490915
0.040000 0.034043 -0.160000 0.494485
0.040000 0.035745 -0.160000 0.497179
0.040000 0.037447 -0.160000 0.498982
0.040000 0.039149 -0.160000 0.499887
0.040000 0.040851 -0.160000 0.499887
0.040000 0.042553 -0.160000 0.498982
0.040000 0.044255 -0.160000 0.497179
0.040000 0.045957 -0.160000 0.494485
0.040000 0.047660 -0.160000 0.490915
0.040000 0.049362 -0.160000 0.486489
0.040000 0.051064 -0.160000 0.481226
0.040000 0.052766 -0.160000 0.475153
0.040000 0.054468 -0.160000 0.468298
0.040000 0.056170 -0.160000 0.460690
0.040000 0.057872 -0.160000 0.452360
0.040000 0.059574 -0.160000 0.443341
0.040000 0.061277 -0.160000 0.433667
0.040000 0.062979 -0.160000 0.423369
0.040000 0.064681 -0.160000 0.412481
0.040000 0.066383 -0.160000 0.401035
0.040000 0.068085 -0.160000 0.389062
0.040000 0.069787 -0.160000 0.376592
0.040000 0.071489 -0.160000 0.363655
0.040000 0.073191 -0.160000 0.350280
0.040000 0.074894 -0.160000 0.336491
0.040000 0.076596 -0.160000 0.322315
0.040000 0.078298 -0.160000 0.307775
0.040000 0.080000 -0.160000 0.292893
